# Miriade.ephemcc.results
# Request:
# targetType: Planet, targetNumber: 5, targetName: Jupiter, Diameter: 139822.00 km, Orbital period: 4.33259000E+03 d, Time_Scale: UTC, Planetary_Theory: INPOP13C, Coordinates: Ecliptic, frameType: Astrometric J2000, frameCentre: Heliocenter
# Nb rows: 1000
Target, Date, Longitude ("d:m:s"), Latitude ("d:m:s"), Distance (au), H
Jupiter,   2024-04-11T00:00:00.00,  54 35 46.1393, -00 56 11.6053,    5.006561142,  -9.40
Jupiter,   2024-04-21T00:00:00.00,  55 29 31.0388, -00 55 20.1599,    5.008956651,  -9.40
Jupiter,   2024-05-01T00:00:00.00,  56 23 12.8046, -00 54 27.9535,    5.011394819,  -9.40
Jupiter,   2024-05-11T00:00:00.00,  57 16 51.3869, -00 53 35.0020,    5.013874986,  -9.40
Jupiter,   2024-05-21T00:00:00.00,  58 10 26.7367, -00 52 41.3215,    5.016396487,  -9.40
Jupiter,   2024-05-31T00:00:00.00,  59  3 58.8062, -00 51 46.9282,    5.018958649,  -9.40
Jupiter,   2024-06-10T00:00:00.00,  59 57 27.5480, -00 50 51.8386,    5.021560783,  -9.40
Jupiter,   2024-06-20T00:00:00.00,  60 50 52.9148, -00 49 56.0692,    5.024202201,  -9.40
Jupiter,   2024-06-30T00:00:00.00,  61 44 14.8602, -00 48 59.6370,    5.026882254,  -9.40
Jupiter,   2024-07-10T00:00:00.00,  62 37 33.3405, -00 48  2.5586,    5.029600307,  -9.40
Jupiter,   2024-07-20T00:00:00.00,  63 30 48.3140, -00 47  4.8507,    5.032355699,  -9.40
Jupiter,   2024-07-30T00:00:00.00,  64 23 59.7403, -00 46  6.5300,    5.035147756,  -9.40
Jupiter,   2024-08-09T00:00:00.00,  65 17  7.5804, -00 45  7.6136,    5.037975791,  -9.40
Jupiter,   2024-08-19T00:00:00.00,  66 10 11.7968, -00 44  8.1182,    5.040839108,  -9.40
Jupiter,   2024-08-29T00:00:00.00,  67  3 12.3532, -00 43  8.0609,    5.043736989,  -9.40
Jupiter,   2024-09-08T00:00:00.00,  67 56  9.2144, -00 42  7.4589,    5.046668692,  -9.40
Jupiter,   2024-09-18T00:00:00.00,  68 49  2.3453, -00 41  6.3293,    5.049633465,  -9.40
Jupiter,   2024-09-28T00:00:00.00,  69 41 51.7117, -00 40  4.6895,    5.052630584,  -9.40
Jupiter,   2024-10-08T00:00:00.00,  70 34 37.2819, -00 39  2.5566,    5.055659323,  -9.40
Jupiter,   2024-10-18T00:00:00.00,  71 27 19.0258, -00 37 59.9476,    5.058718923,  -9.40
Jupiter,   2024-10-28T00:00:00.00,  72 19 56.9142, -00 36 56.8797,    5.061808604,  -9.40
Jupiter,   2024-11-07T00:00:00.00,  73 12 30.9185, -00 35 53.3701,    5.064927573,  -9.40
Jupiter,   2024-11-17T00:00:00.00,  74  5  1.0111, -00 34 49.4361,    5.068075029,  -9.40
Jupiter,   2024-11-27T00:00:00.00,  74 57 27.1652, -00 33 45.0950,    5.071250154,  -9.40
Jupiter,   2024-12-07T00:00:00.00,  75 49 49.3543, -00 32 40.3641,    5.074452113,  -9.40
Jupiter,   2024-12-17T00:00:00.00,  76 42  7.5513, -00 31 35.2610,    5.077680079,  -9.40
Jupiter,   2024-12-27T00:00:00.00,  77 34 21.7302, -00 30 29.8031,    5.080933271,  -9.40
Jupiter,   2025-01-06T00:00:00.00,  78 26 31.8670, -00 29 24.0076,    5.084210914,  -9.40
Jupiter,   2025-01-16T00:00:00.00,  79 18 37.9394, -00 28 17.8917,    5.087512225,  -9.40
Jupiter,   2025-01-26T00:00:00.00,  80 10 39.9256, -00 27 11.4727,    5.090836417,  -9.40
Jupiter,   2025-02-05T00:00:00.00,  81  2 37.8053, -00 26  4.7676,    5.094182711,  -9.40
Jupiter,   2025-02-15T00:00:00.00,  81 54 31.5594, -00 24 57.7937,    5.097550332,  -9.40
Jupiter,   2025-02-25T00:00:00.00,  82 46 21.1700, -00 23 50.5679,    5.100938502,  -9.40
Jupiter,   2025-03-07T00:00:00.00,  83 38  6.6203, -00 22 43.1074,    5.104346431,  -9.40
Jupiter,   2025-03-17T00:00:00.00,  84 29 47.8935, -00 21 35.4292,    5.107773347,  -9.40
Jupiter,   2025-03-27T00:00:00.00,  85 21 24.9747, -00 20 27.5503,    5.111218523,  -9.40
Jupiter,   2025-04-06T00:00:00.00,  86 12 57.8518, -00 19 19.4872,    5.114681229,  -9.40
Jupiter,   2025-04-16T00:00:00.00,  87  4 26.5144, -00 18 11.2565,    5.118160714,  -9.40
Jupiter,   2025-04-26T00:00:00.00,  87 55 50.9537, -00 17  2.8746,    5.121656219,  -9.40
Jupiter,   2025-05-06T00:00:00.00,  88 47 11.1620, -00 15 54.3578,    5.125166972,  -9.40
Jupiter,   2025-05-16T00:00:00.00,  89 38 27.1331, -00 14 45.7224,    5.128692187,  -9.40
Jupiter,   2025-05-26T00:00:00.00,  90 29 38.8620, -00 13 36.9847,    5.132231059,  -9.40
Jupiter,   2025-06-05T00:00:00.00,  91 20 46.3442, -00 12 28.1608,    5.135782755,  -9.40
Jupiter,   2025-06-15T00:00:00.00,  92 11 49.5745, -00 11 19.2669,    5.139346453,  -9.40
Jupiter,   2025-06-25T00:00:00.00,  93  2 48.5493, -00 10 10.3190,    5.142921364,  -9.40
Jupiter,   2025-07-05T00:00:00.00,  93 53 43.2670, -00  9  1.3327,    5.146506686,  -9.40
Jupiter,   2025-07-15T00:00:00.00,  94 44 33.7269, -00  7 52.3237,    5.150101600,  -9.40
Jupiter,   2025-07-25T00:00:00.00,  95 35 19.9288, -00  6 43.3076,    5.153705278,  -9.40
Jupiter,   2025-08-04T00:00:00.00,  96 26  1.8733, -00  5 34.2999,    5.157316891,  -9.40
Jupiter,   2025-08-14T00:00:00.00,  97 16 39.5617, -00  4 25.3158,    5.160935606,  -9.40
Jupiter,   2025-08-24T00:00:00.00,  98  7 12.9961, -00  3 16.3707,    5.164560579,  -9.40
Jupiter,   2025-09-03T00:00:00.00,  98 57 42.1781, -00  2  7.4800,    5.168190957,  -9.40
Jupiter,   2025-09-13T00:00:00.00,  99 48  7.1090, -00  0 58.6588,    5.171825921,  -9.40
Jupiter,   2025-09-23T00:00:00.00, 100 38 27.7915, +00  0 10.0781,    5.175464697,  -9.40
Jupiter,   2025-10-03T00:00:00.00, 101 28 44.2301, +00  1 18.7160,    5.179106515,  -9.40
Jupiter,   2025-10-13T00:00:00.00, 102 18 56.4305, +00  2 27.2405,    5.182750604,  -9.40
Jupiter,   2025-10-23T00:00:00.00, 103  9  4.3992, +00  3 35.6371,    5.186396199,  -9.40
Jupiter,   2025-11-02T00:00:00.00, 103 59  8.1442, +00  4 43.8917,    5.190042545,  -9.40
Jupiter,   2025-11-12T00:00:00.00, 104 49  7.6745, +00  5 51.9904,    5.193688885,  -9.40
Jupiter,   2025-11-22T00:00:00.00, 105 39  3.0003, +00  6 59.9191,    5.197334455,  -9.40
Jupiter,   2025-12-02T00:00:00.00, 106 28 54.1320, +00  8  7.6640,    5.200978473,  -9.40
Jupiter,   2025-12-12T00:00:00.00, 107 18 41.0799, +00  9 15.2115,    5.204620197,  -9.40
Jupiter,   2025-12-22T00:00:00.00, 108  8 23.8562, +00 10 22.5483,    5.208258911,  -9.40
Jupiter,   2026-01-01T00:00:00.00, 108 58  2.4749, +00 11 29.6612,    5.211893891,  -9.40
Jupiter,   2026-01-11T00:00:00.00, 109 47 36.9512, +00 12 36.5374,    5.215524404,  -9.40
Jupiter,   2026-01-21T00:00:00.00, 110 37  7.3010, +00 13 43.1640,    5.219149708,  -9.40
Jupiter,   2026-01-31T00:00:00.00, 111 26 33.5412, +00 14 49.5282,    5.222769061,  -9.40
Jupiter,   2026-02-10T00:00:00.00, 112 15 55.6893, +00 15 55.6175,    5.226381712,  -9.40
Jupiter,   2026-02-20T00:00:00.00, 113  5 13.7639, +00 17  1.4194,    5.229986889,  -9.40
Jupiter,   2026-03-02T00:00:00.00, 113 54 27.7825, +00 18  6.9215,    5.233583810,  -9.40
Jupiter,   2026-03-12T00:00:00.00, 114 43 37.7622, +00 19 12.1114,    5.237171729,  -9.40
Jupiter,   2026-03-22T00:00:00.00, 115 32 43.7217, +00 20 16.9772,    5.240749931,  -9.40
Jupiter,   2026-04-01T00:00:00.00, 116 21 45.6807, +00 21 21.5072,    5.244317694,  -9.40
Jupiter,   2026-04-11T00:00:00.00, 117 10 43.6596, +00 22 25.6896,    5.247874300,  -9.40
Jupiter,   2026-04-21T00:00:00.00, 117 59 37.6792, +00 23 29.5130,    5.251419036,  -9.40
Jupiter,   2026-05-01T00:00:00.00, 118 48 27.7609, +00 24 32.9660,    5.254951201,  -9.40
Jupiter,   2026-05-11T00:00:00.00, 119 37 13.9269, +00 25 36.0374,    5.258470099,  -9.40
Jupiter,   2026-05-21T00:00:00.00, 120 25 56.2003, +00 26 38.7160,    5.261975024,  -9.40
Jupiter,   2026-05-31T00:00:00.00, 121 14 34.6031, +00 27 40.9907,    5.265465275,  -9.40
Jupiter,   2026-06-10T00:00:00.00, 122  3  9.1576, +00 28 42.8510,    5.268940208,  -9.40
Jupiter,   2026-06-20T00:00:00.00, 122 51 39.8880, +00 29 44.2863,    5.272399203,  -9.40
Jupiter,   2026-06-30T00:00:00.00, 123 40  6.8200, +00 30 45.2864,    5.275841645,  -9.40
Jupiter,   2026-07-10T00:00:00.00, 124 28 29.9802, +00 31 45.8412,    5.279266920,  -9.40
Jupiter,   2026-07-20T00:00:00.00, 125 16 49.3965, +00 32 45.9409,    5.282674419,  -9.40
Jupiter,   2026-07-30T00:00:00.00, 126  5  5.0976, +00 33 45.5756,    5.286063531,  -9.40
Jupiter,   2026-08-09T00:00:00.00, 126 53 17.1137, +00 34 44.7359,    5.289433640,  -9.40
Jupiter,   2026-08-19T00:00:00.00, 127 41 25.4753, +00 35 43.4122,    5.292784103,  -9.40
Jupiter,   2026-08-29T00:00:00.00, 128 29 30.2121, +00 36 41.5949,    5.296114270,  -9.40
Jupiter,   2026-09-08T00:00:00.00, 129 17 31.3544, +00 37 39.2750,    5.299423531,  -9.40
Jupiter,   2026-09-18T00:00:00.00, 130  5 28.9335, +00 38 36.4437,    5.302711283,  -9.40
Jupiter,   2026-09-28T00:00:00.00, 130 53 22.9819, +00 39 33.0920,    5.305976915,  -9.40
Jupiter,   2026-10-08T00:00:00.00, 131 41 13.5324, +00 40 29.2115,    5.309219807,  -9.40
Jupiter,   2026-10-18T00:00:00.00, 132 29  0.6182, +00 41 24.7935,    5.312439335,  -9.40
Jupiter,   2026-10-28T00:00:00.00, 133 16 44.2727, +00 42 19.8297,    5.315634876,  -9.40
Jupiter,   2026-11-07T00:00:00.00, 134  4 24.5301, +00 43 14.3118,    5.318805797,  -9.40
Jupiter,   2026-11-17T00:00:00.00, 134 52  1.4240, +00 44  8.2315,    5.321951444,  -9.40
Jupiter,   2026-11-27T00:00:00.00, 135 39 34.9865, +00 45  1.5807,    5.325071169,  -9.40
Jupiter,   2026-12-07T00:00:00.00, 136 27  5.2496, +00 45 54.3515,    5.328164380,  -9.40
Jupiter,   2026-12-17T00:00:00.00, 137 14 32.2463, +00 46 46.5364,    5.331230503,  -9.40
Jupiter,   2026-12-27T00:00:00.00, 138  1 56.0100, +00 47 38.1278,    5.334268971,  -9.40
Jupiter,   2027-01-06T00:00:00.00, 138 49 16.5745, +00 48 29.1185,    5.337279234,  -9.40
Jupiter,   2027-01-16T00:00:00.00, 139 36 33.9741, +00 49 19.5013,    5.340260757,  -9.40
Jupiter,   2027-01-26T00:00:00.00, 140 23 48.2436, +00 50  9.2691,    5.343213021,  -9.40
Jupiter,   2027-02-05T00:00:00.00, 141 10 59.4189, +00 50 58.4150,    5.346135512,  -9.40
Jupiter,   2027-02-15T00:00:00.00, 141 58  7.5358, +00 51 46.9322,    5.349027702,  -9.40
Jupiter,   2027-02-25T00:00:00.00, 142 45 12.6293, +00 52 34.8139,    5.351889087,  -9.40
Jupiter,   2027-03-07T00:00:00.00, 143 32 14.7350, +00 53 22.0538,    5.354719213,  -9.40
Jupiter,   2027-03-17T00:00:00.00, 144 19 13.8903, +00 54  8.6458,    5.357517638,  -9.40
Jupiter,   2027-03-27T00:00:00.00, 145  6 10.1334, +00 54 54.5838,    5.360283925,  -9.40
Jupiter,   2027-04-06T00:00:00.00, 145 53  3.5032, +00 55 39.8617,    5.363017636,  -9.40
Jupiter,   2027-04-16T00:00:00.00, 146 39 54.0394, +00 56 24.4739,    5.365718336,  -9.40
Jupiter,   2027-04-26T00:00:00.00, 147 26 41.7828, +00 57  8.4145,    5.368385592,  -9.40
Jupiter,   2027-05-06T00:00:00.00, 148 13 26.7748, +00 57 51.6779,    5.371018950,  -9.40
Jupiter,   2027-05-16T00:00:00.00, 149  0  9.0564, +00 58 34.2584,    5.373617931,  -9.40
Jupiter,   2027-05-26T00:00:00.00, 149 46 48.6675, +00 59 16.1506,    5.376182070,  -9.40
Jupiter,   2027-06-05T00:00:00.00, 150 33 25.6486, +00 59 57.3493,    5.378710937,  -9.40
Jupiter,   2027-06-15T00:00:00.00, 151 20  0.0407, +01  0 37.8494,    5.381204102,  -9.40
Jupiter,   2027-06-25T00:00:00.00, 152  6 31.8855, +01  1 17.6458,    5.383661138,  -9.40
Jupiter,   2027-07-05T00:00:00.00, 152 53  1.2245, +01  1 56.7337,    5.386081615,  -9.40
Jupiter,   2027-07-15T00:00:00.00, 153 39 28.0994, +01  2 35.1083,    5.388465112,  -9.40
Jupiter,   2027-07-25T00:00:00.00, 154 25 52.5524, +01  3 12.7649,    5.390811215,  -9.40
Jupiter,   2027-08-04T00:00:00.00, 155 12 14.6259, +01  3 49.6988,    5.393119499,  -9.40
Jupiter,   2027-08-14T00:00:00.00, 155 58 34.3613, +01  4 25.9055,    5.395389523,  -9.40
Jupiter,   2027-08-24T00:00:00.00, 156 44 51.7990, +01  5  1.3805,    5.397620886,  -9.40
Jupiter,   2027-09-03T00:00:00.00, 157 31  6.9797, +01  5 36.1200,    5.399813229,  -9.40
Jupiter,   2027-09-13T00:00:00.00, 158 17 19.9450, +01  6 10.1198,    5.401966209,  -9.40
Jupiter,   2027-09-23T00:00:00.00, 159  3 30.7372, +01  6 43.3761,    5.404079497,  -9.40
Jupiter,   2027-10-03T00:00:00.00, 159 49 39.3991, +01  7 15.8852,    5.406152772,  -9.40
Jupiter,   2027-10-13T00:00:00.00, 160 35 45.9738, +01  7 47.6434,    5.408185729,  -9.40
Jupiter,   2027-10-23T00:00:00.00, 161 21 50.5057, +01  8 18.6474,    5.410178069,  -9.40
Jupiter,   2027-11-02T00:00:00.00, 162  7 53.0399, +01  8 48.8935,    5.412129476,  -9.40
Jupiter,   2027-11-12T00:00:00.00, 162 53 53.6207, +01  9 18.3783,    5.414039613,  -9.40
Jupiter,   2027-11-22T00:00:00.00, 163 39 52.2917, +01  9 47.0987,    5.415908177,  -9.40
Jupiter,   2027-12-02T00:00:00.00, 164 25 49.0974, +01 10 15.0516,    5.417734888,  -9.40
Jupiter,   2027-12-12T00:00:00.00, 165 11 44.0830, +01 10 42.2342,    5.419519470,  -9.40
Jupiter,   2027-12-22T00:00:00.00, 165 57 37.2944, +01 11  8.6437,    5.421261643,  -9.40
Jupiter,   2028-01-01T00:00:00.00, 166 43 28.7774, +01 11 34.2771,    5.422961126,  -9.40
Jupiter,   2028-01-11T00:00:00.00, 167 29 18.5782, +01 11 59.1319,    5.424617640,  -9.40
Jupiter,   2028-01-21T00:00:00.00, 168 15  6.7435, +01 12 23.2054,    5.426230903,  -9.40
Jupiter,   2028-01-31T00:00:00.00, 169  0 53.3202, +01 12 46.4948,    5.427800605,  -9.40
Jupiter,   2028-02-10T00:00:00.00, 169 46 38.3537, +01 13  8.9977,    5.429326418,  -9.40
Jupiter,   2028-02-20T00:00:00.00, 170 32 21.8882, +01 13 30.7118,    5.430808053,  -9.40
Jupiter,   2028-03-01T00:00:00.00, 171 18  3.9680, +01 13 51.6348,    5.432245248,  -9.40
Jupiter,   2028-03-11T00:00:00.00, 172  3 44.6380, +01 14 11.7646,    5.433637748,  -9.40
Jupiter,   2028-03-21T00:00:00.00, 172 49 23.9426, +01 14 31.0992,    5.434985313,  -9.40
Jupiter,   2028-03-31T00:00:00.00, 173 35  1.9266, +01 14 49.6367,    5.436287715,  -9.40
Jupiter,   2028-04-10T00:00:00.00, 174 20 38.6345, +01 15  7.3753,    5.437544750,  -9.40
Jupiter,   2028-04-20T00:00:00.00, 175  6 14.1117, +01 15 24.3132,    5.438756223,  -9.40
Jupiter,   2028-04-30T00:00:00.00, 175 51 48.4039, +01 15 40.4486,    5.439921925,  -9.40
Jupiter,   2028-05-10T00:00:00.00, 176 37 21.5552, +01 15 55.7798,    5.441041653,  -9.40
Jupiter,   2028-05-20T00:00:00.00, 177 22 53.6095, +01 16 10.3057,    5.442115253,  -9.40
Jupiter,   2028-05-30T00:00:00.00, 178  8 24.6115, +01 16 24.0249,    5.443142600,  -9.40
Jupiter,   2028-06-09T00:00:00.00, 178 53 54.6068, +01 16 36.9362,    5.444123584,  -9.40
Jupiter,   2028-06-19T00:00:00.00, 179 39 23.6416, +01 16 49.0387,    5.445058104,  -9.40
Jupiter,   2028-06-29T00:00:00.00, 180 24 51.7625, +01 17  0.3312,    5.445946069,  -9.40
Jupiter,   2028-07-09T00:00:00.00, 181 10 19.0169, +01 17 10.8128,    5.446787398,  -9.40
Jupiter,   2028-07-19T00:00:00.00, 181 55 45.4534, +01 17 20.4826,    5.447582006,  -9.40
Jupiter,   2028-07-29T00:00:00.00, 182 41 11.1210, +01 17 29.3397,    5.448329772,  -9.40
Jupiter,   2028-08-08T00:00:00.00, 183 26 36.0671, +01 17 37.3831,    5.449030571,  -9.40
Jupiter,   2028-08-18T00:00:00.00, 184 12  0.3392, +01 17 44.6125,    5.449684307,  -9.40
Jupiter,   2028-08-28T00:00:00.00, 184 57 23.9851, +01 17 51.0272,    5.450290898,  -9.40
Jupiter,   2028-09-07T00:00:00.00, 185 42 47.0534, +01 17 56.6267,    5.450850256,  -9.40
Jupiter,   2028-09-17T00:00:00.00, 186 28  9.5924, +01 18  1.4108,    5.451362292,  -9.40
Jupiter,   2028-09-27T00:00:00.00, 187 13 31.6506, +01 18  5.3790,    5.451826920,  -9.40
Jupiter,   2028-10-07T00:00:00.00, 187 58 53.2765, +01 18  8.5311,    5.452244059,  -9.40
Jupiter,   2028-10-17T00:00:00.00, 188 44 14.5193, +01 18 10.8668,    5.452613616,  -9.40
Jupiter,   2028-10-27T00:00:00.00, 189 29 35.4273, +01 18 12.3859,    5.452935466,  -9.40
Jupiter,   2028-11-06T00:00:00.00, 190 14 56.0472, +01 18 13.0884,    5.453209495,  -9.40
Jupiter,   2028-11-16T00:00:00.00, 191  0 16.4248, +01 18 12.9744,    5.453435626,  -9.40
Jupiter,   2028-11-26T00:00:00.00, 191 45 36.6065, +01 18 12.0444,    5.453613806,  -9.40
Jupiter,   2028-12-06T00:00:00.00, 192 30 56.6384, +01 18 10.2986,    5.453743993,  -9.40
Jupiter,   2028-12-16T00:00:00.00, 193 16 16.5667, +01 18  7.7375,    5.453826163,  -9.40
Jupiter,   2028-12-26T00:00:00.00, 194  1 36.4377, +01 18  4.3617,    5.453860312,  -9.40
Jupiter,   2029-01-05T00:00:00.00, 194 46 56.2981, +01 18  0.1717,    5.453846454,  -9.40
Jupiter,   2029-01-15T00:00:00.00, 195 32 16.1956, +01 17 55.1682,    5.453784602,  -9.40
Jupiter,   2029-01-25T00:00:00.00, 196 17 36.1774, +01 17 49.3519,    5.453674746,  -9.40
Jupiter,   2029-02-04T00:00:00.00, 197  2 56.2895, +01 17 42.7235,    5.453516894,  -9.40
Jupiter,   2029-02-14T00:00:00.00, 197 48 16.5778, +01 17 35.2843,    5.453311092,  -9.40
Jupiter,   2029-02-24T00:00:00.00, 198 33 37.0893, +01 17 27.0352,    5.453057404,  -9.40
Jupiter,   2029-03-06T00:00:00.00, 199 18 57.8710, +01 17 17.9774,    5.452755897,  -9.40
Jupiter,   2029-03-16T00:00:00.00, 200  4 18.9704, +01 17  8.1122,    5.452406649,  -9.40
Jupiter,   2029-03-26T00:00:00.00, 200 49 40.4352, +01 16 57.4407,    5.452009744,  -9.40
Jupiter,   2029-04-05T00:00:00.00, 201 35  2.3140, +01 16 45.9642,    5.451565274,  -9.40
Jupiter,   2029-04-15T00:00:00.00, 202 20 24.6559, +01 16 33.6839,    5.451073311,  -9.40
Jupiter,   2029-04-25T00:00:00.00, 203  5 47.5095, +01 16 20.6012,    5.450533891,  -9.40
Jupiter,   2029-05-05T00:00:00.00, 203 51 10.9217, +01 16  6.7177,    5.449947065,  -9.40
Jupiter,   2029-05-15T00:00:00.00, 204 36 34.9394, +01 15 52.0350,    5.449312911,  -9.40
Jupiter,   2029-05-25T00:00:00.00, 205 21 59.6095, +01 15 36.5548,    5.448631515,  -9.40
Jupiter,   2029-06-04T00:00:00.00, 206  7 24.9789, +01 15 20.2790,    5.447902966,  -9.40
Jupiter,   2029-06-14T00:00:00.00, 206 52 51.0941, +01 15  3.2095,    5.447127367,  -9.40
Jupiter,   2029-06-24T00:00:00.00, 207 38 18.0014, +01 14 45.3483,    5.446304830,  -9.40
Jupiter,   2029-07-04T00:00:00.00, 208 23 45.7475, +01 14 26.6974,    5.445435488,  -9.40
Jupiter,   2029-07-14T00:00:00.00, 209  9 14.3794, +01 14  7.2589,    5.444519459,  -9.40
Jupiter,   2029-07-24T00:00:00.00, 209 54 43.9431, +01 13 47.0349,    5.443556841,  -9.40
Jupiter,   2029-08-03T00:00:00.00, 210 40 14.4829, +01 13 26.0279,    5.442547771,  -9.40
Jupiter,   2029-08-13T00:00:00.00, 211 25 46.0436, +01 13  4.2407,    5.441492421,  -9.40
Jupiter,   2029-08-23T00:00:00.00, 212 11 18.6700, +01 12 41.6757,    5.440390983,  -9.40
Jupiter,   2029-09-02T00:00:00.00, 212 56 52.4073, +01 12 18.3358,    5.439243668,  -9.40
Jupiter,   2029-09-12T00:00:00.00, 213 42 27.3009, +01 11 54.2238,    5.438050702,  -9.40
Jupiter,   2029-09-22T00:00:00.00, 214 28  3.3965, +01 11 29.3425,    5.436812330,  -9.40
Jupiter,   2029-10-02T00:00:00.00, 215 13 40.7411, +01 11  3.6949,    5.435528811,  -9.40
Jupiter,   2029-10-12T00:00:00.00, 215 59 19.3823, +01 10 37.2839,    5.434200380,  -9.40
Jupiter,   2029-10-22T00:00:00.00, 216 44 59.3669, +01 10 10.1125,    5.432827247,  -9.40
Jupiter,   2029-11-01T00:00:00.00, 217 30 40.7410, +01  9 42.1840,    5.431409650,  -9.40
Jupiter,   2029-11-11T00:00:00.00, 218 16 23.5508, +01  9 13.5018,    5.429947840,  -9.40
Jupiter,   2029-11-21T00:00:00.00, 219  2  7.8431, +01  8 44.0693,    5.428442077,  -9.40
Jupiter,   2029-12-01T00:00:00.00, 219 47 53.6647, +01  8 13.8900,    5.426892615,  -9.40
Jupiter,   2029-12-11T00:00:00.00, 220 33 41.0623, +01  7 42.9675,    5.425299713,  -9.40
Jupiter,   2029-12-21T00:00:00.00, 221 19 30.0827, +01  7 11.3054,    5.423663633,  -9.40
Jupiter,   2029-12-31T00:00:00.00, 222  5 20.7734, +01  6 38.9074,    5.421984639,  -9.40
Jupiter,   2030-01-10T00:00:00.00, 222 51 13.1819, +01  6  5.7770,    5.420262953,  -9.40
Jupiter,   2030-01-20T00:00:00.00, 223 37  7.3538, +01  5 31.9184,    5.418498778,  -9.40
Jupiter,   2030-01-30T00:00:00.00, 224 23  3.3334, +01  4 57.3356,    5.416692343,  -9.40
Jupiter,   2030-02-09T00:00:00.00, 225  9  1.1647, +01  4 22.0329,    5.414843898,  -9.40
Jupiter,   2030-02-19T00:00:00.00, 225 55  0.8911, +01  3 46.0148,    5.412953703,  -9.40
Jupiter,   2030-03-01T00:00:00.00, 226 41  2.5556, +01  3  9.2857,    5.411022036,  -9.40
Jupiter,   2030-03-11T00:00:00.00, 227 27  6.2009, +01  2 31.8503,    5.409049190,  -9.40
Jupiter,   2030-03-21T00:00:00.00, 228 13 11.8693, +01  1 53.7132,    5.407035488,  -9.40
Jupiter,   2030-03-31T00:00:00.00, 228 59 19.6038, +01  1 14.8791,    5.404981267,  -9.40
Jupiter,   2030-04-10T00:00:00.00, 229 45 29.4477, +01  0 35.3529,    5.402886841,  -9.40
Jupiter,   2030-04-20T00:00:00.00, 230 31 41.4424, +00 59 55.1396,    5.400752529,  -9.40
Jupiter,   2030-04-30T00:00:00.00, 231 17 55.6288, +00 59 14.2444,    5.398578686,  -9.40
Jupiter,   2030-05-10T00:00:00.00, 232  4 12.0480, +00 58 32.6728,    5.396365697,  -9.40
Jupiter,   2030-05-20T00:00:00.00, 232 50 30.7413, +00 57 50.4301,    5.394113963,  -9.40
Jupiter,   2030-05-30T00:00:00.00, 233 36 51.7498, +00 57  7.5219,    5.391823899,  -9.40
Jupiter,   2030-06-09T00:00:00.00, 234 23 15.1153, +00 56 23.9536,    5.389495936,  -9.40
Jupiter,   2030-06-19T00:00:00.00, 235  9 40.8795, +00 55 39.7310,    5.387130524,  -9.40
Jupiter,   2030-06-29T00:00:00.00, 235 56  9.0858, +00 54 54.8596,    5.384728114,  -9.40
Jupiter,   2030-07-09T00:00:00.00, 236 42 39.7772, +00 54  9.3452,    5.382289116,  -9.40
Jupiter,   2030-07-19T00:00:00.00, 237 29 12.9956, +00 53 23.1938,    5.379813933,  -9.40
Jupiter,   2030-07-29T00:00:00.00, 238 15 48.7823, +00 52 36.4115,    5.377302991,  -9.40
Jupiter,   2030-08-08T00:00:00.00, 239  2 27.1784, +00 51 49.0047,    5.374756727,  -9.40
Jupiter,   2030-08-18T00:00:00.00, 239 49  8.2251, +00 51  0.9797,    5.372175576,  -9.40
Jupiter,   2030-08-28T00:00:00.00, 240 35 51.9630, +00 50 12.3429,    5.369559980,  -9.40
Jupiter,   2030-09-07T00:00:00.00, 241 22 38.4323, +00 49 23.1010,    5.366910385,  -9.40
Jupiter,   2030-09-17T00:00:00.00, 242  9 27.6732, +00 48 33.2608,    5.364227256,  -9.40
Jupiter,   2030-09-27T00:00:00.00, 242 56 19.7265, +00 47 42.8288,    5.361511052,  -9.40
Jupiter,   2030-10-07T00:00:00.00, 243 43 14.6322, +00 46 51.8122,    5.358762192,  -9.40
Jupiter,   2030-10-17T00:00:00.00, 244 30 12.4283, +00 46  0.2180,    5.355981107,  -9.40
Jupiter,   2030-10-27T00:00:00.00, 245 17 13.1519, +00 45  8.0540,    5.353168258,  -9.40
Jupiter,   2030-11-06T00:00:00.00, 246  4 16.8398, +00 44 15.3274,    5.350324124,  -9.40
Jupiter,   2030-11-16T00:00:00.00, 246 51 23.5284, +00 43 22.0462,    5.347449202,  -9.40
Jupiter,   2030-11-26T00:00:00.00, 247 38 33.2537, +00 42 28.2182,    5.344544008,  -9.40
Jupiter,   2030-12-06T00:00:00.00, 248 25 46.0515, +00 41 33.8512,    5.341609077,  -9.40
Jupiter,   2030-12-16T00:00:00.00, 249 13  1.9578, +00 40 38.9533,    5.338644975,  -9.40
Jupiter,   2030-12-26T00:00:00.00, 250  0 21.0096, +00 39 43.5324,    5.335652261,  -9.40
Jupiter,   2031-01-05T00:00:00.00, 250 47 43.2435, +00 38 47.5969,    5.332631462,  -9.40
Jupiter,   2031-01-15T00:00:00.00, 251 35  8.6943, +00 37 51.1553,    5.329583119,  -9.40
Jupiter,   2031-01-25T00:00:00.00, 252 22 37.3968, +00 36 54.2162,    5.326507797,  -9.40
Jupiter,   2031-02-04T00:00:00.00, 253 10  9.3856, +00 35 56.7884,    5.323406071,  -9.40
Jupiter,   2031-02-14T00:00:00.00, 253 57 44.6951, +00 34 58.8807,    5.320278524,  -9.40
Jupiter,   2031-02-24T00:00:00.00, 254 45 23.3596, +00 34  0.5021,    5.317125744,  -9.40
Jupiter,   2031-03-06T00:00:00.00, 255 33  5.4129, +00 33  1.6616,    5.313948330,  -9.40
Jupiter,   2031-03-16T00:00:00.00, 256 20 50.8894, +00 32  2.3684,    5.310746894,  -9.40
Jupiter,   2031-03-26T00:00:00.00, 257  8 39.8241, +00 31  2.6316,    5.307522023,  -9.40
Jupiter,   2031-04-05T00:00:00.00, 257 56 32.2509, +00 30  2.4606,    5.304274264,  -9.40
Jupiter,   2031-04-15T00:00:00.00, 258 44 28.2016, +00 29  1.8653,    5.301004169,  -9.40
Jupiter,   2031-04-25T00:00:00.00, 259 32 27.7073, +00 28  0.8554,    5.297712307,  -9.40
Jupiter,   2031-05-05T00:00:00.00, 260 20 30.7985, +00 26 59.4411,    5.294399254,  -9.40
Jupiter,   2031-05-15T00:00:00.00, 261  8 37.5045, +00 25 57.6326,    5.291065591,  -9.40
Jupiter,   2031-05-25T00:00:00.00, 261 56 47.8539, +00 24 55.4402,    5.287711910,  -9.40
Jupiter,   2031-06-04T00:00:00.00, 262 45  1.8742, +00 23 52.8743,    5.284338828,  -9.40
Jupiter,   2031-06-14T00:00:00.00, 263 33 19.5929, +00 22 49.9456,    5.280946985,  -9.40
Jupiter,   2031-06-24T00:00:00.00, 264 21 41.0381, +00 21 46.6646,    5.277537005,  -9.40
Jupiter,   2031-07-04T00:00:00.00, 265 10  6.2359, +00 20 43.0425,    5.274109494,  -9.40
Jupiter,   2031-07-14T00:00:00.00, 265 58 35.2108, +00 19 39.0904,    5.270665083,  -9.40
Jupiter,   2031-07-24T00:00:00.00, 266 47  7.9868, +00 18 34.8197,    5.267204433,  -9.40
Jupiter,   2031-08-03T00:00:00.00, 267 35 44.5871, +00 17 30.2420,    5.263728223,  -9.40
Jupiter,   2031-08-13T00:00:00.00, 268 24 25.0346, +00 16 25.3687,    5.260237153,  -9.40
Jupiter,   2031-08-23T00:00:00.00, 269 13  9.3517, +00 15 20.2117,    5.256731937,  -9.40
Jupiter,   2031-09-02T00:00:00.00, 270  1 57.5605, +00 14 14.7828,    5.253213320,  -9.40
Jupiter,   2031-09-12T00:00:00.00, 270 50 49.6837, +00 13  9.0938,    5.249682067,  -9.40
Jupiter,   2031-09-22T00:00:00.00, 271 39 45.7451, +00 12  3.1566,    5.246138915,  -9.40
Jupiter,   2031-10-02T00:00:00.00, 272 28 45.7667, +00 10 56.9835,    5.242584579,  -9.40
Jupiter,   2031-10-12T00:00:00.00, 273 17 49.7697, +00  9 50.5869,    5.239019788,  -9.40
Jupiter,   2031-10-22T00:00:00.00, 274  6 57.7747, +00  8 43.9794,    5.235445284,  -9.40
Jupiter,   2031-11-01T00:00:00.00, 274 56  9.8021, +00  7 37.1737,    5.231861805,  -9.40
Jupiter,   2031-11-11T00:00:00.00, 275 45 25.8716, +00  6 30.1826,    5.228270094,  -9.40
Jupiter,   2031-11-21T00:00:00.00, 276 34 46.0021, +00  5 23.0191,    5.224670891,  -9.40
Jupiter,   2031-12-01T00:00:00.00, 277 24 10.2121, +00  4 15.6961,    5.221064950,  -9.40
Jupiter,   2031-12-11T00:00:00.00, 278 13 38.5203, +00  3  8.2268,    5.217453028,  -9.40
Jupiter,   2031-12-21T00:00:00.00, 279  3 10.9453, +00  2  0.6245,    5.213835839,  -9.40
Jupiter,   2031-12-31T00:00:00.00, 279 52 47.5035, +00  0 52.9027,    5.210214072,  -9.40
Jupiter,   2032-01-10T00:00:00.00, 280 42 28.2097, -00  0 14.9246,    5.206588429,  -9.40
Jupiter,   2032-01-20T00:00:00.00, 281 32 13.0772, -00  1 22.8435,    5.202959619,  -9.40
Jupiter,   2032-01-30T00:00:00.00, 282 22  2.1182, -00  2 30.8399,    5.199328360,  -9.40
Jupiter,   2032-02-09T00:00:00.00, 283 11 55.3439, -00  3 38.8996,    5.195695379,  -9.40
Jupiter,   2032-02-19T00:00:00.00, 284  1 52.7639, -00  4 47.0081,    5.192061416,  -9.40
Jupiter,   2032-02-29T00:00:00.00, 284 51 54.3869, -00  5 55.1511,    5.188427243,  -9.40
Jupiter,   2032-03-10T00:00:00.00, 285 42  0.2222, -00  7  3.3142,    5.184793644,  -9.40
Jupiter,   2032-03-20T00:00:00.00, 286 32 10.2785, -00  8 11.4827,    5.181161374,  -9.40
Jupiter,   2032-03-30T00:00:00.00, 287 22 24.5627, -00  9 19.6417,    5.177531182,  -9.40
Jupiter,   2032-04-09T00:00:00.00, 288 12 43.0799, -00 10 27.7762,    5.173903838,  -9.40
Jupiter,   2032-04-19T00:00:00.00, 289  3  5.8348, -00 11 35.8711,    5.170280126,  -9.40
Jupiter,   2032-04-29T00:00:00.00, 289 53 32.8312, -00 12 43.9112,    5.166660842,  -9.40
Jupiter,   2032-05-09T00:00:00.00, 290 44  4.0718, -00 13 51.8813,    5.163046791,  -9.40
Jupiter,   2032-05-19T00:00:00.00, 291 34 39.5588, -00 14 59.7661,    5.159438787,  -9.40
Jupiter,   2032-05-29T00:00:00.00, 292 25 19.2938, -00 16  7.5503,    5.155837672,  -9.40
Jupiter,   2032-06-08T00:00:00.00, 293 16  3.2793, -00 17 15.2186,    5.152244284,  -9.40
Jupiter,   2032-06-18T00:00:00.00, 294  6 51.5173, -00 18 22.7553,    5.148659417,  -9.40
Jupiter,   2032-06-28T00:00:00.00, 294 57 44.0079, -00 19 30.1449,    5.145083850,  -9.40
Jupiter,   2032-07-08T00:00:00.00, 295 48 40.7498, -00 20 37.3714,    5.141518367,  -9.40
Jupiter,   2032-07-18T00:00:00.00, 296 39 41.7407, -00 21 44.4188,    5.137963748,  -9.40
Jupiter,   2032-07-28T00:00:00.00, 297 30 46.9772, -00 22 51.2713,    5.134420773,  -9.40
Jupiter,   2032-08-07T00:00:00.00, 298 21 56.4543, -00 23 57.9125,    5.130890216,  -9.40
Jupiter,   2032-08-17T00:00:00.00, 299 13 10.1656, -00 25  4.3264,    5.127372859,  -9.40
Jupiter,   2032-08-27T00:00:00.00, 300  4 28.1036, -00 26 10.4969,    5.123869507,  -9.40
Jupiter,   2032-09-06T00:00:00.00, 300 55 50.2614, -00 27 16.4076,    5.120380955,  -9.40
Jupiter,   2032-09-16T00:00:00.00, 301 47 16.6304, -00 28 22.0422,    5.116907961,  -9.40
Jupiter,   2032-09-26T00:00:00.00, 302 38 47.1997, -00 29 27.3840,    5.113451281,  -9.40
Jupiter,   2032-10-06T00:00:00.00, 303 30 21.9568, -00 30 32.4163,    5.110011683,  -9.40
Jupiter,   2032-10-16T00:00:00.00, 304 22  0.8878, -00 31 37.1226,    5.106589949,  -9.40
Jupiter,   2032-10-26T00:00:00.00, 305 13 43.9776, -00 32 41.4860,    5.103186865,  -9.40
Jupiter,   2032-11-05T00:00:00.00, 306  5 31.2096, -00 33 45.4899,    5.099803231,  -9.40
Jupiter,   2032-11-15T00:00:00.00, 306 57 22.5661, -00 34 49.1176,    5.096439864,  -9.40
Jupiter,   2032-11-25T00:00:00.00, 307 49 18.0288, -00 35 52.3525,    5.093097617,  -9.40
Jupiter,   2032-12-05T00:00:00.00, 308 41 17.5804, -00 36 55.1780,    5.089777330,  -9.40
Jupiter,   2032-12-15T00:00:00.00, 309 33 21.2026, -00 37 57.5774,    5.086479810,  -9.40
Jupiter,   2032-12-25T00:00:00.00, 310 25 28.8750, -00 38 59.5339,    5.083205862,  -9.40
Jupiter,   2033-01-04T00:00:00.00, 311 17 40.5766, -00 40  1.0307,    5.079956296,  -9.40
Jupiter,   2033-01-14T00:00:00.00, 312  9 56.2854, -00 41  2.0512,    5.076731921,  -9.40
Jupiter,   2033-01-24T00:00:00.00, 313  2 15.9785, -00 42  2.5786,    5.073533539,  -9.40
Jupiter,   2033-02-03T00:00:00.00, 313 54 39.6319, -00 43  2.5963,    5.070361948,  -9.40
Jupiter,   2033-02-13T00:00:00.00, 314 47  7.2206, -00 44  2.0877,    5.067217946,  -9.40
Jupiter,   2033-02-23T00:00:00.00, 315 39 38.7191, -00 45  1.0365,    5.064102347,  -9.40
Jupiter,   2033-03-05T00:00:00.00, 316 32 14.1027, -00 45 59.4262,    5.061015929,  -9.40
Jupiter,   2033-03-15T00:00:00.00, 317 24 53.3450, -00 46 57.2402,    5.057959418,  -9.40
Jupiter,   2033-03-25T00:00:00.00, 318 17 36.4174, -00 47 54.4620,    5.054933528,  -9.40
Jupiter,   2033-04-04T00:00:00.00, 319 10 23.2896, -00 48 51.0750,    5.051938964,  -9.40
Jupiter,   2033-04-14T00:00:00.00, 320  3 13.9298, -00 49 47.0628,    5.048976422,  -9.40
Jupiter,   2033-04-24T00:00:00.00, 320 56  8.3046, -00 50 42.4090,    5.046046588,  -9.40
Jupiter,   2033-05-04T00:00:00.00, 321 49  6.3786, -00 51 37.0973,    5.043150143,  -9.40
Jupiter,   2033-05-14T00:00:00.00, 322 42  8.1143, -00 52 31.1117,    5.040287783,  -9.40
Jupiter,   2033-05-24T00:00:00.00, 323 35 13.4739, -00 53 24.4362,    5.037460225,  -9.40
Jupiter,   2033-06-03T00:00:00.00, 324 28 22.4198, -00 54 17.0549,    5.034668161,  -9.40
Jupiter,   2033-06-13T00:00:00.00, 325 21 34.9119, -00 55  8.9518,    5.031912252,  -9.40
Jupiter,   2033-06-23T00:00:00.00, 326 14 50.9086, -00 56  0.1111,    5.029193159,  -9.40
Jupiter,   2033-07-03T00:00:00.00, 327  8 10.3663, -00 56 50.5173,    5.026511551,  -9.40
Jupiter,   2033-07-13T00:00:00.00, 328  1 33.2405, -00 57 40.1548,    5.023868100,  -9.40
Jupiter,   2033-07-23T00:00:00.00, 328 54 59.4855, -00 58 29.0084,    5.021263478,  -9.40
Jupiter,   2033-08-02T00:00:00.00, 329 48 29.0539, -00 59 17.0629,    5.018698360,  -9.40
Jupiter,   2033-08-12T00:00:00.00, 330 42  1.8972, -01  0  4.3036,    5.016173445,  -9.40
Jupiter,   2033-08-22T00:00:00.00, 331 35 37.9675, -01  0 50.7160,    5.013689451,  -9.40
Jupiter,   2033-09-01T00:00:00.00, 332 29 17.2174, -01  1 36.2854,    5.011247058,  -9.40
Jupiter,   2033-09-11T00:00:00.00, 333 22 59.5979, -01  2 20.9974,    5.008846919,  -9.40
Jupiter,   2033-09-21T00:00:00.00, 334 16 45.0588, -01  3  4.8379,    5.006489672,  -9.40
Jupiter,   2033-10-01T00:00:00.00, 335 10 33.5491, -01  3 47.7928,    5.004175951,  -9.40
Jupiter,   2033-10-11T00:00:00.00, 336  4 25.0166, -01  4 29.8483,    5.001906372,  -9.40
Jupiter,   2033-10-21T00:00:00.00, 336 58 19.4083, -01  5 10.9908,    4.999681536,  -9.40
Jupiter,   2033-10-31T00:00:00.00, 337 52 16.6698, -01  5 51.2070,    4.997502028,  -9.40
Jupiter,   2033-11-10T00:00:00.00, 338 46 16.7453, -01  6 30.4839,    4.995368446,  -9.40
Jupiter,   2033-11-20T00:00:00.00, 339 40 19.5793, -01  7  8.8087,    4.993281385,  -9.40
Jupiter,   2033-11-30T00:00:00.00, 340 34 25.1166, -01  7 46.1687,    4.991241393,  -9.40
Jupiter,   2033-12-10T00:00:00.00, 341 28 33.2998, -01  8 22.5513,    4.989248981,  -9.40
Jupiter,   2033-12-20T00:00:00.00, 342 22 44.0699, -01  8 57.9443,    4.987304649,  -9.40
Jupiter,   2033-12-30T00:00:00.00, 343 16 57.3665, -01  9 32.3358,    4.985408883,  -9.40
Jupiter,   2034-01-09T00:00:00.00, 344 11 13.1281, -01 10  5.7141,    4.983562162,  -9.40
Jupiter,   2034-01-19T00:00:00.00, 345  5 31.2917, -01 10 38.0677,    4.981764950,  -9.40
Jupiter,   2034-01-29T00:00:00.00, 345 59 51.7926, -01 11  9.3857,    4.980017709,  -9.40
Jupiter,   2034-02-08T00:00:00.00, 346 54 14.5649, -01 11 39.6576,    4.978320926,  -9.40
Jupiter,   2034-02-18T00:00:00.00, 347 48 39.5438, -01 12  8.8731,    4.976675091,  -9.40
Jupiter,   2034-02-28T00:00:00.00, 348 43  6.6641, -01 12 37.0220,    4.975080655,  -9.40
Jupiter,   2034-03-10T00:00:00.00, 349 37 35.8591, -01 13  4.0946,    4.973538048,  -9.40
Jupiter,   2034-03-20T00:00:00.00, 350 32  7.0613, -01 13 30.0814,    4.972047689,  -9.40
Jupiter,   2034-03-30T00:00:00.00, 351 26 40.2024, -01 13 54.9734,    4.970609995,  -9.40
Jupiter,   2034-04-09T00:00:00.00, 352 21 15.2135, -01 14 18.7619,    4.969225366,  -9.40
Jupiter,   2034-04-19T00:00:00.00, 353 15 52.0249, -01 14 41.4386,    4.967894194,  -9.40
Jupiter,   2034-04-29T00:00:00.00, 354 10 30.5658, -01 15  2.9955,    4.966616858,  -9.40
Jupiter,   2034-05-09T00:00:00.00, 355  5 10.7653, -01 15 23.4253,    4.965393760,  -9.40
Jupiter,   2034-05-19T00:00:00.00, 355 59 52.5538, -01 15 42.7209,    4.964225288,  -9.40
Jupiter,   2034-05-29T00:00:00.00, 356 54 35.8617, -01 16  0.8751,    4.963111776,  -9.40
Jupiter,   2034-06-08T00:00:00.00, 357 49 20.6186, -01 16 17.8815,    4.962053523,  -9.40
Jupiter,   2034-06-18T00:00:00.00, 358 44  6.7532, -01 16 33.7338,    4.961050806,  -9.40
Jupiter,   2034-06-28T00:00:00.00, 359 38 54.1933, -01 16 48.4262,    4.960103877,  -9.40
Jupiter,   2034-07-08T00:00:00.00,   0 33 42.8663, -01 17  1.9531,    4.959212962,  -9.40
Jupiter,   2034-07-18T00:00:00.00,   1 28 32.6983, -01 17 14.3096,    4.958378263,  -9.40
Jupiter,   2034-07-28T00:00:00.00,   2 23 23.6139, -01 17 25.4911,    4.957599969,  -9.40
Jupiter,   2034-08-07T00:00:00.00,   3 18 15.5371, -01 17 35.4935,    4.956878286,  -9.40
Jupiter,   2034-08-17T00:00:00.00,   4 13  8.3930, -01 17 44.3129,    4.956213405,  -9.40
Jupiter,   2034-08-27T00:00:00.00,   5  8  2.1063, -01 17 51.9459,    4.955605469,  -9.40
Jupiter,   2034-09-06T00:00:00.00,   6  2 56.6004, -01 17 58.3892,    4.955054598,  -9.40
Jupiter,   2034-09-16T00:00:00.00,   6 57 51.7977, -01 18  3.6402,    4.954560902,  -9.40
Jupiter,   2034-09-26T00:00:00.00,   7 52 47.6199, -01 18  7.6967,    4.954124480,  -9.40
Jupiter,   2034-10-06T00:00:00.00,   8 47 43.9883, -01 18 10.5569,    4.953745420,  -9.40
Jupiter,   2034-10-16T00:00:00.00,   9 42 40.8232, -01 18 12.2195,    4.953423799,  -9.40
Jupiter,   2034-10-26T00:00:00.00,  10 37 38.0439, -01 18 12.6837,    4.953159703,  -9.40
Jupiter,   2034-11-05T00:00:00.00,  11 32 35.5700, -01 18 11.9493,    4.952953247,  -9.40
Jupiter,   2034-11-15T00:00:00.00,  12 27 33.3230, -01 18 10.0161,    4.952804538,  -9.40
Jupiter,   2034-11-25T00:00:00.00,  13 22 31.2246, -01 18  6.8845,    4.952713643,  -9.40
Jupiter,   2034-12-05T00:00:00.00,  14 17 29.1962, -01 18  2.5551,    4.952680615,  -9.40
Jupiter,   2034-12-15T00:00:00.00,  15 12 27.1594, -01 17 57.0292,    4.952705493,  -9.40
Jupiter,   2034-12-25T00:00:00.00,  16  7 25.0362, -01 17 50.3084,    4.952788301,  -9.40
Jupiter,   2035-01-04T00:00:00.00,  17  2 22.7489, -01 17 42.3947,    4.952929043,  -9.40
Jupiter,   2035-01-14T00:00:00.00,  17 57 20.2196, -01 17 33.2904,    4.953127697,  -9.40
Jupiter,   2035-01-24T00:00:00.00,  18 52 17.3703, -01 17 22.9986,    4.953384238,  -9.40
Jupiter,   2035-02-03T00:00:00.00,  19 47 14.1239, -01 17 11.5226,    4.953698654,  -9.40
Jupiter,   2035-02-13T00:00:00.00,  20 42 10.4051, -01 16 58.8659,    4.954070899,  -9.40
Jupiter,   2035-02-23T00:00:00.00,  21 37  6.1393, -01 16 45.0326,    4.954500872,  -9.40
Jupiter,   2035-03-05T00:00:00.00,  22 32  1.2514, -01 16 30.0268,    4.954988442,  -9.40
Jupiter,   2035-03-15T00:00:00.00,  23 26 55.6662, -01 16 13.8534,    4.955533455,  -9.40
Jupiter,   2035-03-25T00:00:00.00,  24 21 49.3086, -01 15 56.5175,    4.956135727,  -9.40
Jupiter,   2035-04-04T00:00:00.00,  25 16 42.1034, -01 15 38.0246,    4.956795049,  -9.40
Jupiter,   2035-04-14T00:00:00.00,  26 11 33.9748, -01 15 18.3810,    4.957511189,  -9.40
Jupiter,   2035-04-24T00:00:00.00,  27  6 24.8460, -01 14 57.5931,    4.958283914,  -9.40
Jupiter,   2035-05-04T00:00:00.00,  28  1 14.6415, -01 14 35.6678,    4.959113016,  -9.40
Jupiter,   2035-05-14T00:00:00.00,  28 56  3.2871, -01 14 12.6124,    4.959998256,  -9.40
Jupiter,   2035-05-24T00:00:00.00,  29 50 50.7086, -01 13 48.4343,    4.960939363,  -9.40
Jupiter,   2035-06-03T00:00:00.00,  30 45 36.8321, -01 13 23.1415,    4.961936048,  -9.40
Jupiter,   2035-06-13T00:00:00.00,  31 40 21.5836, -01 12 56.7424,    4.962988013,  -9.40
Jupiter,   2035-06-23T00:00:00.00,  32 35  4.8894, -01 12 29.2456,    4.964094950,  -9.40
Jupiter,   2035-07-03T00:00:00.00,  33 29 46.6765, -01 12  0.6603,    4.965256537,  -9.40
Jupiter,   2035-07-13T00:00:00.00,  34 24 26.8716, -01 11 30.9961,    4.966472438,  -9.40
Jupiter,   2035-07-23T00:00:00.00,  35 19  5.4013, -01 11  0.2630,    4.967742335,  -9.40
Jupiter,   2035-08-02T00:00:00.00,  36 13 42.1945, -01 10 28.4712,    4.969065937,  -9.40
Jupiter,   2035-08-12T00:00:00.00,  37  8 17.1819, -01  9 55.6311,    4.970442919,  -9.40
Jupiter,   2035-08-22T00:00:00.00,  38  2 50.2954, -01  9 21.7533,    4.971872924,  -9.40
Jupiter,   2035-09-01T00:00:00.00,  38 57 21.4675, -01  8 46.8489,    4.973355576,  -9.40
Jupiter,   2035-09-11T00:00:00.00,  39 51 50.6315, -01  8 10.9292,    4.974890478,  -9.40
Jupiter,   2035-09-21T00:00:00.00,  40 46 17.7216, -01  7 34.0057,    4.976477210,  -9.40
Jupiter,   2035-10-01T00:00:00.00,  41 40 42.6729, -01  6 56.0905,    4.978115326,  -9.40
Jupiter,   2035-10-11T00:00:00.00,  42 35  5.4203, -01  6 17.1958,    4.979804352,  -9.40
Jupiter,   2035-10-21T00:00:00.00,  43 29 25.8986, -01  5 37.3342,    4.981543827,  -9.40
Jupiter,   2035-10-31T00:00:00.00,  44 23 44.0448, -01  4 56.5186,    4.983333301,  -9.40
Jupiter,   2035-11-10T00:00:00.00,  45 17 59.7975, -01  4 14.7618,    4.985172285,  -9.40
Jupiter,   2035-11-20T00:00:00.00,  46 12 13.0957, -01  3 32.0770,    4.987060256,  -9.40
Jupiter,   2035-11-30T00:00:00.00,  47  6 23.8789, -01  2 48.4776,    4.988996675,  -9.40
Jupiter,   2035-12-10T00:00:00.00,  48  0 32.0870, -01  2  3.9775,    4.990980988,  -9.40
Jupiter,   2035-12-20T00:00:00.00,  48 54 37.6607, -01  1 18.5907,    4.993012627,  -9.40
Jupiter,   2035-12-30T00:00:00.00,  49 48 40.5409, -01  0 32.3315,    4.995091007,  -9.40
Jupiter,   2036-01-09T00:00:00.00,  50 42 40.6684, -00 59 45.2144,    4.997215533,  -9.40
Jupiter,   2036-01-19T00:00:00.00,  51 36 37.9839, -00 58 57.2546,    4.999385644,  -9.40
Jupiter,   2036-01-29T00:00:00.00,  52 30 32.4306, -00 58  8.4669,    5.001600797,  -9.40
Jupiter,   2036-02-08T00:00:00.00,  53 24 23.9537, -00 57 18.8664,    5.003860427,  -9.40
Jupiter,   2036-02-18T00:00:00.00,  54 18 12.4990, -00 56 28.4684,    5.006163957,  -9.40
Jupiter,   2036-02-28T00:00:00.00,  55 11 58.0135, -00 55 37.2885,    5.008510801,  -9.40
Jupiter,   2036-03-09T00:00:00.00,  56  5 40.4454, -00 54 45.3422,    5.010900370,  -9.40
Jupiter,   2036-03-19T00:00:00.00,  56 59 19.7443, -00 53 52.6455,    5.013332067,  -9.40
Jupiter,   2036-03-29T00:00:00.00,  57 52 55.8610, -00 52 59.2143,    5.015805275,  -9.40
Jupiter,   2036-04-08T00:00:00.00,  58 46 28.7467, -00 52  5.0650,    5.018319371,  -9.40
Jupiter,   2036-04-18T00:00:00.00,  59 39 58.3535, -00 51 10.2138,    5.020873761,  -9.40
Jupiter,   2036-04-28T00:00:00.00,  60 33 24.6365, -00 50 14.6772,    5.023467853,  -9.40
Jupiter,   2036-05-08T00:00:00.00,  61 26 47.5531, -00 49 18.4714,    5.026101024,  -9.40
Jupiter,   2036-05-18T00:00:00.00,  62 20  7.0617, -00 48 21.6128,    5.028772619,  -9.40
Jupiter,   2036-05-28T00:00:00.00,  63 13 23.1220, -00 47 24.1181,    5.031481965,  -9.40
Jupiter,   2036-06-07T00:00:00.00,  64  6 35.6948, -00 46 26.0038,    5.034228369,  -9.40
Jupiter,   2036-06-17T00:00:00.00,  64 59 44.7420, -00 45 27.2869,    5.037011114,  -9.40
Jupiter,   2036-06-27T00:00:00.00,  65 52 50.2261, -00 44 27.9841,    5.039829453,  -9.40
Jupiter,   2036-07-07T00:00:00.00,  66 45 52.1093, -00 43 28.1126,    5.042682626,  -9.40
Jupiter,   2036-07-17T00:00:00.00,  67 38 50.3545, -00 42 27.6896,    5.045569906,  -9.40
Jupiter,   2036-07-27T00:00:00.00,  68 31 44.9268, -00 41 26.7322,    5.048490561,  -9.40
Jupiter,   2036-08-06T00:00:00.00,  69 24 35.7927, -00 40 25.2574,    5.051443833,  -9.40
Jupiter,   2036-08-16T00:00:00.00,  70 17 22.9192, -00 39 23.2823,    5.054428950,  -9.40
Jupiter,   2036-08-26T00:00:00.00,  71 10  6.2742, -00 38 20.8244,    5.057445129,  -9.40
Jupiter,   2036-09-05T00:00:00.00,  72  2 45.8261, -00 37 17.9008,    5.060491584,  -9.40
Jupiter,   2036-09-15T00:00:00.00,  72 55 21.5444, -00 36 14.5288,    5.063567523,  -9.40
Jupiter,   2036-09-25T00:00:00.00,  73 47 53.3990, -00 35 10.7261,    5.066672139,  -9.40
Jupiter,   2036-10-05T00:00:00.00,  74 40 21.3595, -00 34  6.5101,    5.069804637,  -9.40
Jupiter,   2036-10-15T00:00:00.00,  75 32 45.3965, -00 33  1.8984,    5.072964273,  -9.40
Jupiter,   2036-10-25T00:00:00.00,  76 25  5.4833, -00 31 56.9082,    5.076150310,  -9.40
Jupiter,   2036-11-04T00:00:00.00,  77 17 21.5947, -00 30 51.5568,    5.079362000,  -9.40
Jupiter,   2036-11-14T00:00:00.00,  78  9 33.7070, -00 29 45.8614,    5.082598592,  -9.40
Jupiter,   2036-11-24T00:00:00.00,  79  1 41.7976, -00 28 39.8392,    5.085859332,  -9.40
Jupiter,   2036-12-04T00:00:00.00,  79 53 45.8456, -00 27 33.5074,    5.089143466,  -9.40
Jupiter,   2036-12-14T00:00:00.00,  80 45 45.8316, -00 26 26.8830,    5.092450225,  -9.40
Jupiter,   2036-12-24T00:00:00.00,  81 37 41.7370, -00 25 19.9832,    5.095778823,  -9.40
Jupiter,   2037-01-03T00:00:00.00,  82 29 33.5430, -00 24 12.8252,    5.099128480,  -9.40
Jupiter,   2037-01-13T00:00:00.00,  83 21 21.2329, -00 23  5.4258,    5.102498454,  -9.40
Jupiter,   2037-01-23T00:00:00.00,  84 13  4.7922, -00 21 57.8019,    5.105887992,  -9.40
Jupiter,   2037-02-02T00:00:00.00,  85  4 44.2079, -00 20 49.9701,    5.109296321,  -9.40
Jupiter,   2037-02-12T00:00:00.00,  85 56 19.4683, -00 19 41.9470,    5.112722653,  -9.40
Jupiter,   2037-02-22T00:00:00.00,  86 47 50.5623, -00 18 33.7493,    5.116166188,  -9.40
Jupiter,   2037-03-04T00:00:00.00,  87 39 17.4802, -00 17 25.3934,    5.119626120,  -9.40
Jupiter,   2037-03-14T00:00:00.00,  88 30 40.2131, -00 16 16.8959,    5.123101622,  -9.40
Jupiter,   2037-03-24T00:00:00.00,  89 21 58.7522, -00 15  8.2733,    5.126591848,  -9.40
Jupiter,   2037-04-03T00:00:00.00,  90 13 13.0883, -00 13 59.5422,    5.130095969,  -9.40
Jupiter,   2037-04-13T00:00:00.00,  91  4 23.2133, -00 12 50.7187,    5.133613197,  -9.40
Jupiter,   2037-04-23T00:00:00.00,  91 55 29.1211, -00 11 41.8191,    5.137142741,  -9.40
Jupiter,   2037-05-03T00:00:00.00,  92 46 30.8069, -00 10 32.8594,    5.140683800,  -9.40
Jupiter,   2037-05-13T00:00:00.00,  93 37 28.2662, -00  9 23.8554,    5.144235577,  -9.40
Jupiter,   2037-05-23T00:00:00.00,  94 28 21.4959, -00  8 14.8230,    5.147797277,  -9.40
Jupiter,   2037-06-02T00:00:00.00,  95 19 10.4937, -00  7  5.7779,    5.151368111,  -9.40
Jupiter,   2037-06-12T00:00:00.00,  96  9 55.2586, -00  5 56.7357,    5.154947284,  -9.40
Jupiter,   2037-06-22T00:00:00.00,  97  0 35.7897, -00  4 47.7121,    5.158533992,  -9.40
Jupiter,   2037-07-02T00:00:00.00,  97 51 12.0860, -00  3 38.7225,    5.162127465,  -9.40
Jupiter,   2037-07-12T00:00:00.00,  98 41 44.1487, -00  2 29.7820,    5.165726973,  -9.40
Jupiter,   2037-07-22T00:00:00.00,  99 32 11.9810, -00  1 20.9056,    5.169331783,  -9.40
Jupiter,   2037-08-01T00:00:00.00, 100 22 35.5878, -00  0 12.1080,    5.172941154,  -9.40
Jupiter,   2037-08-11T00:00:00.00, 101 12 54.9750, +00  0 56.5961,    5.176554337,  -9.40
Jupiter,   2037-08-21T00:00:00.00, 102  3 10.1499, +00  2  5.1923,    5.180170581,  -9.40
Jupiter,   2037-08-31T00:00:00.00, 102 53 21.1211, +00  3 13.6663,    5.183789122,  -9.40
Jupiter,   2037-09-10T00:00:00.00, 103 43 27.8981, +00  4 22.0038,    5.187409177,  -9.40
Jupiter,   2037-09-20T00:00:00.00, 104 33 30.4906, +00  5 30.1906,    5.191029940,  -9.40
Jupiter,   2037-09-30T00:00:00.00, 105 23 28.9074, +00  6 38.2126,    5.194650630,  -9.40
Jupiter,   2037-10-10T00:00:00.00, 106 13 23.1595, +00  7 46.0562,    5.198270490,  -9.40
Jupiter,   2037-10-20T00:00:00.00, 107  3 13.2591, +00  8 53.7077,    5.201888753,  -9.40
Jupiter,   2037-10-30T00:00:00.00, 107 52 59.2192, +00 10  1.1538,    5.205504638,  -9.40
Jupiter,   2037-11-09T00:00:00.00, 108 42 41.0530, +00 11  8.3810,    5.209117359,  -9.40
Jupiter,   2037-11-19T00:00:00.00, 109 32 18.7746, +00 12 15.3763,    5.212726131,  -9.40
Jupiter,   2037-11-29T00:00:00.00, 110 21 52.3984, +00 13 22.1266,    5.216330164,  -9.40
Jupiter,   2037-12-09T00:00:00.00, 111 11 21.9395, +00 14 28.6187,    5.219928657,  -9.40
Jupiter,   2037-12-19T00:00:00.00, 112  0 47.4119, +00 15 34.8399,    5.223520804,  -9.40
Jupiter,   2037-12-29T00:00:00.00, 112 50  8.8291, +00 16 40.7773,    5.227105846,  -9.40
Jupiter,   2038-01-08T00:00:00.00, 113 39 26.2062, +00 17 46.4186,    5.230683062,  -9.40
Jupiter,   2038-01-18T00:00:00.00, 114 28 39.5594, +00 18 51.7514,    5.234251739,  -9.40
Jupiter,   2038-01-28T00:00:00.00, 115 17 48.9060, +00 19 56.7638,    5.237811172,  -9.40
Jupiter,   2038-02-07T00:00:00.00, 116  6 54.2638, +00 21  1.4439,    5.241360669,  -9.40
Jupiter,   2038-02-17T00:00:00.00, 116 55 55.6517, +00 22  5.7799,    5.244899551,  -9.40
Jupiter,   2038-02-27T00:00:00.00, 117 44 53.0901, +00 23  9.7602,    5.248427147,  -9.40
Jupiter,   2038-03-09T00:00:00.00, 118 33 46.6001, +00 24 13.3735,    5.251942775,  -9.40
Jupiter,   2038-03-19T00:00:00.00, 119 22 36.2025, +00 25 16.6082,    5.255445751,  -9.40
Jupiter,   2038-03-29T00:00:00.00, 120 11 21.9185, +00 26 19.4534,    5.258935439,  -9.40
Jupiter,   2038-04-08T00:00:00.00, 121  0  3.7713, +00 27 21.8983,    5.262411223,  -9.40
Jupiter,   2038-04-18T00:00:00.00, 121 48 41.7856, +00 28 23.9323,    5.265872483,  -9.40
Jupiter,   2038-04-28T00:00:00.00, 122 37 15.9873, +00 29 25.5449,    5.269318592,  -9.40
Jupiter,   2038-05-08T00:00:00.00, 123 25 46.4031, +00 30 26.7259,    5.272748916,  -9.40
Jupiter,   2038-05-18T00:00:00.00, 124 14 13.0605, +00 31 27.4651,    5.276162823,  -9.40
Jupiter,   2038-05-28T00:00:00.00, 125  2 35.9882, +00 32 27.7523,    5.279559664,  -9.40
Jupiter,   2038-06-07T00:00:00.00, 125 50 55.2151, +00 33 27.5778,    5.282938765,  -9.40
Jupiter,   2038-06-17T00:00:00.00, 126 39 10.7691, +00 34 26.9314,    5.286299446,  -9.40
Jupiter,   2038-06-27T00:00:00.00, 127 27 22.6780, +00 35 25.8037,    5.289641064,  -9.40
Jupiter,   2038-07-07T00:00:00.00, 128 15 30.9709, +00 36 24.1851,    5.292962993,  -9.40
Jupiter,   2038-07-17T00:00:00.00, 129  3 35.6776, +00 37 22.0666,    5.296264600,  -9.40
Jupiter,   2038-07-27T00:00:00.00, 129 51 36.8282, +00 38 19.4388,    5.299545251,  -9.40
Jupiter,   2038-08-06T00:00:00.00, 130 39 34.4530, +00 39 16.2930,    5.302804319,  -9.40
Jupiter,   2038-08-16T00:00:00.00, 131 27 28.5830, +00 40 12.6201,    5.306041182,  -9.40
Jupiter,   2038-08-26T00:00:00.00, 132 15 19.2494, +00 41  8.4115,    5.309255221,  -9.40
Jupiter,   2038-09-05T00:00:00.00, 133  3  6.4837, +00 42  3.6585,    5.312445801,  -9.40
Jupiter,   2038-09-15T00:00:00.00, 133 50 50.3158, +00 42 58.3526,    5.315612304,  -9.40
Jupiter,   2038-09-25T00:00:00.00, 134 38 30.7763, +00 43 52.4856,    5.318754167,  -9.40
Jupiter,   2038-10-05T00:00:00.00, 135 26  7.8968, +00 44 46.0495,    5.321870847,  -9.40
Jupiter,   2038-10-15T00:00:00.00, 136 13 41.7103, +00 45 39.0367,    5.324961812,  -9.40
Jupiter,   2038-10-25T00:00:00.00, 137  1 12.2501, +00 46 31.4394,    5.328026534,  -9.40
Jupiter,   2038-11-04T00:00:00.00, 137 48 39.5505, +00 47 23.2501,    5.331064496,  -9.40
Jupiter,   2038-11-14T00:00:00.00, 138 36  3.6469, +00 48 14.4616,    5.334075185,  -9.40
Jupiter,   2038-11-24T00:00:00.00, 139 23 24.5753, +00 49  5.0666,    5.337058083,  -9.40
Jupiter,   2038-12-04T00:00:00.00, 140 10 42.3723, +00 49 55.0580,    5.340012644,  -9.40
Jupiter,   2038-12-14T00:00:00.00, 140 57 57.0732, +00 50 44.4287,    5.342938336,  -9.40
Jupiter,   2038-12-24T00:00:00.00, 141 45  8.7137, +00 51 33.1720,    5.345834666,  -9.40
Jupiter,   2039-01-03T00:00:00.00, 142 32 17.3311, +00 52 21.2814,    5.348701147,  -9.40
Jupiter,   2039-01-13T00:00:00.00, 143 19 22.9631, +00 53  8.7505,    5.351537285,  -9.40
Jupiter,   2039-01-23T00:00:00.00, 144  6 25.6479, +00 53 55.5729,    5.354342586,  -9.40
Jupiter,   2039-02-02T00:00:00.00, 144 53 25.4240, +00 54 41.7424,    5.357116558,  -9.40
Jupiter,   2039-02-12T00:00:00.00, 145 40 22.3304, +00 55 27.2529,    5.359858706,  -9.40
Jupiter,   2039-02-22T00:00:00.00, 146 27 16.4064, +00 56 12.0983,    5.362568527,  -9.40
Jupiter,   2039-03-04T00:00:00.00, 147 14  7.6908, +00 56 56.2726,    5.365245489,  -9.40
Jupiter,   2039-03-14T00:00:00.00, 148  0 56.2207, +00 57 39.7699,    5.367889089,  -9.40
Jupiter,   2039-03-24T00:00:00.00, 148 47 42.0335, +00 58 22.5847,    5.370498864,  -9.40
Jupiter,   2039-04-03T00:00:00.00, 149 34 25.1674, +00 59  4.7115,    5.373074368,  -9.40
Jupiter,   2039-04-13T00:00:00.00, 150 21  5.6608, +00 59 46.1450,    5.375615164,  -9.40
Jupiter,   2039-04-23T00:00:00.00, 151  7 43.5523, +01  0 26.8800,    5.378120827,  -9.40
Jupiter,   2039-05-03T00:00:00.00, 151 54 18.8809, +01  1  6.9114,    5.380590953,  -9.40
Jupiter,   2039-05-13T00:00:00.00, 152 40 51.6863, +01  1 46.2343,    5.383025150,  -9.40
Jupiter,   2039-05-23T00:00:00.00, 153 27 22.0088, +01  2 24.8438,    5.385423026,  -9.40
Jupiter,   2039-06-02T00:00:00.00, 154 13 49.8884, +01  3  2.7351,    5.387784174,  -9.40
Jupiter,   2039-06-12T00:00:00.00, 155  0 15.3641, +01  3 39.9035,    5.390108225,  -9.40
Jupiter,   2039-06-22T00:00:00.00, 155 46 38.4760, +01  4 16.3449,    5.392394852,  -9.40
Jupiter,   2039-07-02T00:00:00.00, 156 32 59.2654, +01  4 52.0550,    5.394643740,  -9.40
Jupiter,   2039-07-12T00:00:00.00, 157 19 17.7742, +01  5 27.0296,    5.396854576,  -9.40
Jupiter,   2039-07-22T00:00:00.00, 158  5 34.0453, +01  6  1.2649,    5.399027051,  -9.40
Jupiter,   2039-08-01T00:00:00.00, 158 51 48.1222, +01  6 34.7570,    5.401160862,  -9.40
Jupiter,   2039-08-11T00:00:00.00, 159 38  0.0493, +01  7  7.5020,    5.403255701,  -9.40
Jupiter,   2039-08-21T00:00:00.00, 160 24  9.8717, +01  7 39.4961,    5.405311238,  -9.40
Jupiter,   2039-08-31T00:00:00.00, 161 10 17.6338, +01  8 10.7357,    5.407327115,  -9.40
Jupiter,   2039-09-10T00:00:00.00, 161 56 23.3789, +01  8 41.2171,    5.409303001,  -9.40
Jupiter,   2039-09-20T00:00:00.00, 162 42 27.1511, +01  9 10.9372,    5.411238584,  -9.40
Jupiter,   2039-09-30T00:00:00.00, 163 28 28.9950, +01  9 39.8927,    5.413133554,  -9.40
Jupiter,   2039-10-10T00:00:00.00, 164 14 28.9552, +01 10  8.0803,    5.414987594,  -9.40
Jupiter,   2039-10-20T00:00:00.00, 165  0 27.0765, +01 10 35.4971,    5.416800390,  -9.40
Jupiter,   2039-10-30T00:00:00.00, 165 46 23.4035, +01 11  2.1400,    5.418571629,  -9.40
Jupiter,   2039-11-09T00:00:00.00, 166 32 17.9813, +01 11 28.0062,    5.420301004,  -9.40
Jupiter,   2039-11-19T00:00:00.00, 167 18 10.8548, +01 11 53.0927,    5.421988183,  -9.40
Jupiter,   2039-11-29T00:00:00.00, 168  4  2.0674, +01 12 17.3967,    5.423632824,  -9.40
Jupiter,   2039-12-09T00:00:00.00, 168 49 51.6614, +01 12 40.9156,    5.425234632,  -9.40
Jupiter,   2039-12-19T00:00:00.00, 169 35 39.6794, +01 13  3.6473,    5.426793342,  -9.40
Jupiter,   2039-12-29T00:00:00.00, 170 21 26.1644, +01 13 25.5893,    5.428308709,  -9.40
Jupiter,   2040-01-08T00:00:00.00, 171  7 11.1596, +01 13 46.7395,    5.429780502,  -9.40
Jupiter,   2040-01-18T00:00:00.00, 171 52 54.7084, +01 14  7.0959,    5.431208507,  -9.40
Jupiter,   2040-01-28T00:00:00.00, 172 38 36.8547, +01 14 26.6565,    5.432592529,  -9.40
Jupiter,   2040-02-07T00:00:00.00, 173 24 17.6433, +01 14 45.4194,    5.433932382,  -9.40
Jupiter,   2040-02-17T00:00:00.00, 174  9 57.1194, +01 15  3.3827,    5.435227862,  -9.40
Jupiter,   2040-02-27T00:00:00.00, 174 55 35.3272, +01 15 20.5446,    5.436478760,  -9.40
Jupiter,   2040-03-08T00:00:00.00, 175 41 12.3105, +01 15 36.9036,    5.437684910,  -9.40
Jupiter,   2040-03-18T00:00:00.00, 176 26 48.1139, +01 15 52.4583,    5.438846168,  -9.40
Jupiter,   2040-03-28T00:00:00.00, 177 12 22.7829, +01 16  7.2074,    5.439962395,  -9.40
Jupiter,   2040-04-07T00:00:00.00, 177 57 56.3634, +01 16 21.1494,    5.441033456,  -9.40
Jupiter,   2040-04-17T00:00:00.00, 178 43 28.9016, +01 16 34.2833,    5.442059218,  -9.40
Jupiter,   2040-04-27T00:00:00.00, 179 29  0.4442, +01 16 46.6078,    5.443039552,  -9.40
Jupiter,   2040-05-07T00:00:00.00, 180 14 31.0387, +01 16 58.1217,    5.443974325,  -9.40
Jupiter,   2040-05-17T00:00:00.00, 181  0  0.7327, +01 17  8.8239,    5.444863363,  -9.40
Jupiter,   2040-05-27T00:00:00.00, 181 45 29.5721, +01 17 18.7133,    5.445706490,  -9.40
Jupiter,   2040-06-06T00:00:00.00, 182 30 57.6021, +01 17 27.7892,    5.446503562,  -9.40
Jupiter,   2040-06-16T00:00:00.00, 183 16 24.8685, +01 17 36.0508,    5.447254451,  -9.40
Jupiter,   2040-06-26T00:00:00.00, 184  1 51.4168, +01 17 43.4975,    5.447959032,  -9.40
Jupiter,   2040-07-06T00:00:00.00, 184 47 17.2928, +01 17 50.1287,    5.448617192,  -9.40
Jupiter,   2040-07-16T00:00:00.00, 185 32 42.5419, +01 17 55.9440,    5.449228824,  -9.40
Jupiter,   2040-07-26T00:00:00.00, 186 18  7.2097, +01 18  0.9430,    5.449793843,  -9.40
Jupiter,   2040-08-05T00:00:00.00, 187  3 31.3425, +01 18  5.1252,    5.450312163,  -9.40
Jupiter,   2040-08-15T00:00:00.00, 187 48 54.9863, +01 18  8.4903,    5.450783675,  -9.40
Jupiter,   2040-08-25T00:00:00.00, 188 34 18.1855, +01 18 11.0383,    5.451208287,  -9.40
Jupiter,   2040-09-04T00:00:00.00, 189 19 40.9842, +01 18 12.7693,    5.451585951,  -9.40
Jupiter,   2040-09-14T00:00:00.00, 190  5  3.4276, +01 18 13.6834,    5.451916644,  -9.40
Jupiter,   2040-09-24T00:00:00.00, 190 50 25.5609, +01 18 13.7808,    5.452200356,  -9.40
Jupiter,   2040-10-04T00:00:00.00, 191 35 47.4301, +01 18 13.0620,    5.452437086,  -9.40
Jupiter,   2040-10-14T00:00:00.00, 192 21  9.0816, +01 18 11.5274,    5.452626847,  -9.40
Jupiter,   2040-10-24T00:00:00.00, 193  6 30.5622, +01 18  9.1773,    5.452769662,  -9.40
Jupiter,   2040-11-03T00:00:00.00, 193 51 51.9205, +01 18  6.0123,    5.452865544,  -9.40
Jupiter,   2040-11-13T00:00:00.00, 194 37 13.2042, +01 18  2.0327,    5.452914467,  -9.40
Jupiter,   2040-11-23T00:00:00.00, 195 22 34.4602, +01 17 57.2392,    5.452916415,  -9.40
Jupiter,   2040-12-03T00:00:00.00, 196  7 55.7353, +01 17 51.6329,    5.452871396,  -9.40
Jupiter,   2040-12-13T00:00:00.00, 196 53 17.0767, +01 17 45.2144,    5.452779426,  -9.40
Jupiter,   2040-12-23T00:00:00.00, 197 38 38.5319, +01 17 37.9848,    5.452640518,  -9.40
Jupiter,   2041-01-02T00:00:00.00, 198 24  0.1485, +01 17 29.9450,    5.452454683,  -9.40
Jupiter,   2041-01-12T00:00:00.00, 199  9 21.9738, +01 17 21.0962,    5.452221934,  -9.40
Jupiter,   2041-01-22T00:00:00.00, 199 54 44.0555, +01 17 11.4393,    5.451942290,  -9.40
Jupiter,   2041-02-01T00:00:00.00, 200 40  6.4418, +01 17  0.9756,    5.451615752,  -9.40
Jupiter,   2041-02-11T00:00:00.00, 201 25 29.1796, +01 16 49.7062,    5.451242283,  -9.40
Jupiter,   2041-02-21T00:00:00.00, 202 10 52.3140, +01 16 37.6325,    5.450821871,  -9.40
Jupiter,   2041-03-03T00:00:00.00, 202 56 15.8897, +01 16 24.7562,    5.450354536,  -9.40
Jupiter,   2041-03-13T00:00:00.00, 203 41 39.9515, +01 16 11.0789,    5.449840317,  -9.40
Jupiter,   2041-03-23T00:00:00.00, 204 27  4.5437, +01 15 56.6024,    5.449279267,  -9.40
Jupiter,   2041-04-02T00:00:00.00, 205 12 29.7109, +01 15 41.3285,    5.448671461,  -9.40
Jupiter,   2041-04-12T00:00:00.00, 205 57 55.4972, +01 15 25.2592,    5.448016993,  -9.40
Jupiter,   2041-04-22T00:00:00.00, 206 43 21.9477, +01 15  8.3964,    5.447315985,  -9.40
Jupiter,   2041-05-02T00:00:00.00, 207 28 49.1081, +01 14 50.7421,    5.446568547,  -9.40
Jupiter,   2041-05-12T00:00:00.00, 208 14 17.0233, +01 14 32.2983,    5.445774774,  -9.40
Jupiter,   2041-05-22T00:00:00.00, 208 59 45.7372, +01 14 13.0676,    5.444934792,  -9.40
Jupiter,   2041-06-01T00:00:00.00, 209 45 15.2940, +01 13 53.0523,    5.444048763,  -9.40
Jupiter,   2041-06-11T00:00:00.00, 210 30 45.7387, +01 13 32.2548,    5.443116865,  -9.40
Jupiter,   2041-06-21T00:00:00.00, 211 16 17.1164, +01 13 10.6779,    5.442139283,  -9.40
Jupiter,   2041-07-01T00:00:00.00, 212  1 49.4728, +01 12 48.3241,    5.441116215,  -9.40
Jupiter,   2041-07-11T00:00:00.00, 212 47 22.8541, +01 12 25.1960,    5.440047868,  -9.40
Jupiter,   2041-07-21T00:00:00.00, 213 32 57.3073, +01 12  1.2964,    5.438934456,  -9.40
Jupiter,   2041-07-31T00:00:00.00, 214 18 32.8805, +01 11 36.6279,    5.437776163,  -9.40
Jupiter,   2041-08-10T00:00:00.00, 215  4  9.6205, +01 11 11.1933,    5.436573143,  -9.40
Jupiter,   2041-08-20T00:00:00.00, 215 49 47.5731, +01 10 44.9957,    5.435325569,  -9.40
Jupiter,   2041-08-30T00:00:00.00, 216 35 26.7843, +01 10 18.0383,    5.434033631,  -9.40
Jupiter,   2041-09-09T00:00:00.00, 217 21  7.3001, +01  9 50.3242,    5.432697521,  -9.40
Jupiter,   2041-09-19T00:00:00.00, 218  6 49.1664, +01  9 21.8568,    5.431317435,  -9.40
Jupiter,   2041-09-29T00:00:00.00, 218 52 32.4288, +01  8 52.6395,    5.429893570,  -9.40
Jupiter,   2041-10-09T00:00:00.00, 219 38 17.1327, +01  8 22.6758,    5.428426139,  -9.40
Jupiter,   2041-10-19T00:00:00.00, 220 24  3.3241, +01  7 51.9691,    5.426915361,  -9.40
Jupiter,   2041-10-29T00:00:00.00, 221  9 51.0489, +01  7 20.5231,    5.425361427,  -9.40
Jupiter,   2041-11-08T00:00:00.00, 221 55 40.3515, +01  6 48.3415,    5.423764517,  -9.40
Jupiter,   2041-11-18T00:00:00.00, 222 41 31.2751, +01  6 15.4285,    5.422124846,  -9.40
Jupiter,   2041-11-28T00:00:00.00, 223 27 23.8626, +01  5 41.7882,    5.420442654,  -9.40
Jupiter,   2041-12-08T00:00:00.00, 224 13 18.1573, +01  5  7.4249,    5.418718204,  -9.40
Jupiter,   2041-12-18T00:00:00.00, 224 59 14.2020, +01  4 32.3429,    5.416951771,  -9.40
Jupiter,   2041-12-28T00:00:00.00, 225 45 12.0399, +01  3 56.5467,    5.415143650,  -9.40
Jupiter,   2042-01-07T00:00:00.00, 226 31 11.7142, +01  3 20.0408,    5.413294159,  -9.40
Jupiter,   2042-01-17T00:00:00.00, 227 17 13.2691, +01  2 42.8297,    5.411403628,  -9.40
Jupiter,   2042-01-27T00:00:00.00, 228  3 16.7493, +01  2  4.9178,    5.409472354,  -9.40
Jupiter,   2042-02-06T00:00:00.00, 228 49 22.1983, +01  1 26.3102,    5.407500628,  -9.40
Jupiter,   2042-02-16T00:00:00.00, 229 35 29.6587, +01  0 47.0117,    5.405488772,  -9.40
Jupiter,   2042-02-26T00:00:00.00, 230 21 39.1735, +01  0  7.0273,    5.403437122,  -9.40
Jupiter,   2042-03-08T00:00:00.00, 231  7 50.7860, +00 59 26.3623,    5.401346024,  -9.40
Jupiter,   2042-03-18T00:00:00.00, 231 54  4.5393, +00 58 45.0219,    5.399215828,  -9.40
Jupiter,   2042-03-28T00:00:00.00, 232 40 20.4767, +00 58  3.0112,    5.397046888,  -9.40
Jupiter,   2042-04-07T00:00:00.00, 233 26 38.6412, +00 57 20.3357,    5.394839574,  -9.40
Jupiter,   2042-04-17T00:00:00.00, 234 12 59.0773, +00 56 37.0006,    5.392594249,  -9.40
Jupiter,   2042-04-27T00:00:00.00, 234 59 21.8287, +00 55 53.0115,    5.390311235,  -9.40
Jupiter,   2042-05-07T00:00:00.00, 235 45 46.9376, +00 55  8.3741,    5.387990845,  -9.40
Jupiter,   2042-05-17T00:00:00.00, 236 32 14.4450, +00 54 23.0944,    5.385633420,  -9.40
Jupiter,   2042-05-27T00:00:00.00, 237 18 44.3917, +00 53 37.1783,    5.383239312,  -9.40
Jupiter,   2042-06-06T00:00:00.00, 238  5 16.8178, +00 52 50.6322,    5.380808888,  -9.40
Jupiter,   2042-06-16T00:00:00.00, 238 51 51.7631, +00 52  3.4622,    5.378342527,  -9.40
Jupiter,   2042-06-26T00:00:00.00, 239 38 29.2668, +00 51 15.6749,    5.375840626,  -9.40
Jupiter,   2042-07-06T00:00:00.00, 240 25  9.3679, +00 50 27.2767,    5.373303612,  -9.40
Jupiter,   2042-07-16T00:00:00.00, 241 11 52.1062, +00 49 38.2742,    5.370731917,  -9.40
Jupiter,   2042-07-26T00:00:00.00, 241 58 37.5212, +00 48 48.6741,    5.368125947,  -9.40
Jupiter,   2042-08-05T00:00:00.00, 242 45 25.6506, +00 47 58.4834,    5.365486123,  -9.40
Jupiter,   2042-08-15T00:00:00.00, 243 32 16.5315, +00 47  7.7093,    5.362812902,  -9.40
Jupiter,   2042-08-25T00:00:00.00, 244 19 10.2013, +00 46 16.3591,    5.360106764,  -9.40
Jupiter,   2042-09-04T00:00:00.00, 245  6  6.6971, +00 45 24.4401,    5.357368209,  -9.40
Jupiter,   2042-09-14T00:00:00.00, 245 53  6.0563, +00 44 31.9599,    5.354597751,  -9.40
Jupiter,   2042-09-24T00:00:00.00, 246 40  8.3162, +00 43 38.9260,    5.351795921,  -9.40
Jupiter,   2042-10-04T00:00:00.00, 247 27 13.5147, +00 42 45.3459,    5.348963276,  -9.40
Jupiter,   2042-10-14T00:00:00.00, 248 14 21.6911, +00 41 51.2273,    5.346100361,  -9.40
Jupiter,   2042-10-24T00:00:00.00, 249  1 32.8843, +00 40 56.5780,    5.343207681,  -9.40
Jupiter,   2042-11-03T00:00:00.00, 249 48 47.1318, +00 40  1.4062,    5.340285747,  -9.40
Jupiter,   2042-11-13T00:00:00.00, 250 36  4.4707, +00 39  5.7199,    5.337335086,  -9.40
Jupiter,   2042-11-23T00:00:00.00, 251 23 24.9382, +00 38  9.5276,    5.334356229,  -9.40
Jupiter,   2042-12-03T00:00:00.00, 252 10 48.5712, +00 37 12.8376,    5.331349707,  -9.40
Jupiter,   2042-12-13T00:00:00.00, 252 58 15.4061, +00 36 15.6587,    5.328316050,  -9.40
Jupiter,   2042-12-23T00:00:00.00, 253 45 45.4788, +00 35 17.9994,    5.325255795,  -9.40
Jupiter,   2043-01-02T00:00:00.00, 254 33 18.8252, +00 34 19.8685,    5.322169492,  -9.40
Jupiter,   2043-01-12T00:00:00.00, 255 20 55.4819, +00 33 21.2749,    5.319057668,  -9.40
Jupiter,   2043-01-22T00:00:00.00, 256  8 35.4839, +00 32 22.2278,    5.315920815,  -9.40
Jupiter,   2043-02-01T00:00:00.00, 256 56 18.8640, +00 31 22.7365,    5.312759434,  -9.40
Jupiter,   2043-02-11T00:00:00.00, 257 44  5.6543, +00 30 22.8108,    5.309574051,  -9.40
Jupiter,   2043-02-21T00:00:00.00, 258 31 55.8860, +00 29 22.4602,    5.306365206,  -9.40
Jupiter,   2043-03-03T00:00:00.00, 259 19 49.5896, +00 28 21.6948,    5.303133457,  -9.40
Jupiter,   2043-03-13T00:00:00.00, 260  7 46.7948, +00 27 20.5245,    5.299879377,  -9.40
Jupiter,   2043-03-23T00:00:00.00, 260 55 47.5305, +00 26 18.9596,    5.296603567,  -9.40
Jupiter,   2043-04-02T00:00:00.00, 261 43 51.8261, +00 25 17.0101,    5.293306660,  -9.40
Jupiter,   2043-04-12T00:00:00.00, 262 31 59.7117, +00 24 14.6862,    5.289989273,  -9.40
Jupiter,   2043-04-22T00:00:00.00, 263 20 11.2158, +00 23 11.9987,    5.286652003,  -9.40
Jupiter,   2043-05-02T00:00:00.00, 264  8 26.3658, +00 22  8.9581,    5.283295472,  -9.40
Jupiter,   2043-05-12T00:00:00.00, 264 56 45.1885, +00 21  5.5756,    5.279920325,  -9.40
Jupiter,   2043-05-22T00:00:00.00, 265 45  7.7106, +00 20  1.8619,    5.276527224,  -9.40
Jupiter,   2043-06-01T00:00:00.00, 266 33 33.9584, +00 18 57.8283,    5.273116840,  -9.40
Jupiter,   2043-06-11T00:00:00.00, 267 22  3.9580, +00 17 53.4858,    5.269689854,  -9.40
Jupiter,   2043-06-21T00:00:00.00, 268 10 37.7349, +00 16 48.8460,    5.266246969,  -9.40
Jupiter,   2043-07-01T00:00:00.00, 268 59 15.3157, +00 15 43.9199,    5.262788900,  -9.40
Jupiter,   2043-07-11T00:00:00.00, 269 47 56.7274, +00 14 38.7191,    5.259316327,  -9.40
Jupiter,   2043-07-21T00:00:00.00, 270 36 41.9953, +00 13 33.2554,    5.255829902,  -9.40
Jupiter,   2043-07-31T00:00:00.00, 271 25 31.1437, +00 12 27.5407,    5.252330287,  -9.40
Jupiter,   2043-08-10T00:00:00.00, 272 14 24.1956, +00 11 21.5871,    5.248818151,  -9.40
Jupiter,   2043-08-20T00:00:00.00, 273  3 21.1736, +00 10 15.4070,    5.245294167,  -9.40
Jupiter,   2043-08-30T00:00:00.00, 273 52 22.0993, +00  9  9.0127,    5.241759010,  -9.40
Jupiter,   2043-09-09T00:00:00.00, 274 41 26.9929, +00  8  2.4168,    5.238213366,  -9.40
Jupiter,   2043-09-19T00:00:00.00, 275 30 35.8742, +00  6 55.6321,    5.234657939,  -9.40
Jupiter,   2043-09-29T00:00:00.00, 276 19 48.7628, +00  5 48.6712,    5.231093451,  -9.40
Jupiter,   2043-10-09T00:00:00.00, 277  9  5.6783, +00  4 41.5470,    5.227520594,  -9.40
Jupiter,   2043-10-19T00:00:00.00, 277 58 26.6384, +00  3 34.2729,    5.223940046,  -9.40
Jupiter,   2043-10-29T00:00:00.00, 278 47 51.6590, +00  2 26.8623,    5.220352511,  -9.40
Jupiter,   2043-11-08T00:00:00.00, 279 37 20.7552, +00  1 19.3287,    5.216758710,  -9.40
Jupiter,   2043-11-18T00:00:00.00, 280 26 53.9413, +00  0 11.6859,    5.213159383,  -9.40
Jupiter,   2043-11-28T00:00:00.00, 281 16 31.2309, -00  0 56.0524,    5.209555282,  -9.40
Jupiter,   2043-12-08T00:00:00.00, 282  6 12.6368, -00  2  3.8724,    5.205947177,  -9.40
Jupiter,   2043-12-18T00:00:00.00, 282 55 58.1713, -00  3 11.7599,    5.202335868,  -9.40
Jupiter,   2043-12-28T00:00:00.00, 283 45 47.8477, -00  4 19.7012,    5.198722169,  -9.40
Jupiter,   2044-01-07T00:00:00.00, 284 35 41.6792, -00  5 27.6822,    5.195106855,  -9.40
Jupiter,   2044-01-17T00:00:00.00, 285 25 39.6775, -00  6 35.6883,    5.191490692,  -9.40
Jupiter,   2044-01-27T00:00:00.00, 286 15 41.8532, -00  7 43.7052,    5.187874455,  -9.40
Jupiter,   2044-02-06T00:00:00.00, 287  5 48.2161, -00  8 51.7181,    5.184258928,  -9.40
Jupiter,   2044-02-16T00:00:00.00, 287 55 58.7756, -00  9 59.7126,    5.180644892,  -9.40
Jupiter,   2044-02-26T00:00:00.00, 288 46 13.5403, -00 11  7.6736,    5.177033128,  -9.40
Jupiter,   2044-03-07T00:00:00.00, 289 36 32.5175, -00 12 15.5865,    5.173424417,  -9.40
Jupiter,   2044-03-17T00:00:00.00, 290 26 55.7142, -00 13 23.4362,    5.169819555,  -9.40
Jupiter,   2044-03-27T00:00:00.00, 291 17 23.1378, -00 14 31.2079,    5.166219333,  -9.40
Jupiter,   2044-04-06T00:00:00.00, 292  7 54.7948, -00 15 38.8863,    5.162624491,  -9.40
Jupiter,   2044-04-16T00:00:00.00, 292 58 30.6895, -00 16 46.4560,    5.159035754,  -9.40
Jupiter,   2044-04-26T00:00:00.00, 293 49 10.8243, -00 17 53.9014,    5.155453853,  -9.40
Jupiter,   2044-05-06T00:00:00.00, 294 39 55.2002, -00 19  1.2070,    5.151879523,  -9.40
Jupiter,   2044-05-16T00:00:00.00, 295 30 43.8169, -00 20  8.3568,    5.148313504,  -9.40
Jupiter,   2044-05-26T00:00:00.00, 296 21 36.6724, -00 21 15.3350,    5.144756541,  -9.40
Jupiter,   2044-06-05T00:00:00.00, 297 12 33.7630, -00 22 22.1258,    5.141209397,  -9.40
Jupiter,   2044-06-15T00:00:00.00, 298  3 35.0842, -00 23 28.7132,    5.137672866,  -9.40
Jupiter,   2044-06-25T00:00:00.00, 298 54 40.6320, -00 24 35.0813,    5.134147744,  -9.40
Jupiter,   2044-07-05T00:00:00.00, 299 45 50.4010, -00 25 41.2139,    5.130634797,  -9.40
Jupiter,   2044-07-15T00:00:00.00, 300 37  4.3839, -00 26 47.0947,    5.127134795,  -9.40
Jupiter,   2044-07-25T00:00:00.00, 301 28 22.5718, -00 27 52.7074,    5.123648525,  -9.40
Jupiter,   2044-08-04T00:00:00.00, 302 19 44.9550, -00 28 58.0357,    5.120176788,  -9.40
Jupiter,   2044-08-14T00:00:00.00, 303 11 11.5225, -00 30  3.0631,    5.116720397,  -9.40
Jupiter,   2044-08-24T00:00:00.00, 304  2 42.2628, -00 31  7.7732,    5.113280172,  -9.40
Jupiter,   2044-09-03T00:00:00.00, 304 54 17.1628, -00 32 12.1497,    5.109856952,  -9.40
Jupiter,   2044-09-13T00:00:00.00, 305 45 56.2096, -00 33 16.1762,    5.106451602,  -9.40
Jupiter,   2044-09-23T00:00:00.00, 306 37 39.3911, -00 34 19.8365,    5.103064977,  -9.40
Jupiter,   2044-10-03T00:00:00.00, 307 29 26.6943, -00 35 23.1141,    5.099697887,  -9.40
Jupiter,   2044-10-13T00:00:00.00, 308 21 18.1045, -00 36 25.9924,    5.096351137,  -9.40
Jupiter,   2044-10-23T00:00:00.00, 309 13 13.6059, -00 37 28.4547,    5.093025529,  -9.40
Jupiter,   2044-11-02T00:00:00.00, 310  5 13.1816, -00 38 30.4846,    5.089721861,  -9.40
Jupiter,   2044-11-12T00:00:00.00, 310 57 16.8137, -00 39 32.0655,    5.086440921,  -9.40
Jupiter,   2044-11-22T00:00:00.00, 311 49 24.4829, -00 40 33.1806,    5.083183488,  -9.40
Jupiter,   2044-12-02T00:00:00.00, 312 41 36.1683, -00 41 33.8135,    5.079950346,  -9.40
Jupiter,   2044-12-12T00:00:00.00, 313 33 51.8487, -00 42 33.9477,    5.076742296,  -9.40
Jupiter,   2044-12-22T00:00:00.00, 314 26 11.5028, -00 43 33.5668,    5.073560111,  -9.40
Jupiter,   2045-01-01T00:00:00.00, 315 18 35.1078, -00 44 32.6540,    5.070404523,  -9.40
Jupiter,   2045-01-11T00:00:00.00, 316 11  2.6385, -00 45 31.1927,    5.067276256,  -9.40
Jupiter,   2045-01-21T00:00:00.00, 317  3 34.0680, -00 46 29.1663,    5.064176038,  -9.40
Jupiter,   2045-01-31T00:00:00.00, 317 56  9.3679, -00 47 26.5583,    5.061104597,  -9.40
Jupiter,   2045-02-10T00:00:00.00, 318 48 48.5083, -00 48 23.3521,    5.058062660,  -9.40
Jupiter,   2045-02-20T00:00:00.00, 319 41 31.4577, -00 49 19.5314,    5.055050960,  -9.40
Jupiter,   2045-03-02T00:00:00.00, 320 34 18.1829, -00 50 15.0800,    5.052070245,  -9.40
Jupiter,   2045-03-12T00:00:00.00, 321 27  8.6506, -00 51  9.9818,    5.049121294,  -9.40
Jupiter,   2045-03-22T00:00:00.00, 322 20  2.8278, -00 52  4.2209,    5.046204860,  -9.40
Jupiter,   2045-04-01T00:00:00.00, 323 13  0.6799, -00 52 57.7810,    5.043321666,  -9.40
Jupiter,   2045-04-11T00:00:00.00, 324  6  2.1705, -00 53 50.6464,    5.040472435,  -9.40
Jupiter,   2045-04-21T00:00:00.00, 324 59  7.2622, -00 54 42.8012,    5.037657893,  -9.40
Jupiter,   2045-05-01T00:00:00.00, 325 52 15.9165, -00 55 34.2298,    5.034878764,  -9.40
Jupiter,   2045-05-11T00:00:00.00, 326 45 28.0940, -00 56 24.9166,    5.032135763,  -9.40
Jupiter,   2045-05-21T00:00:00.00, 327 38 43.7538, -00 57 14.8463,    5.029429604,  -9.40
Jupiter,   2045-05-31T00:00:00.00, 328 32  2.8540, -00 58  4.0039,    5.026761008,  -9.40
Jupiter,   2045-06-10T00:00:00.00, 329 25 25.3530, -00 58 52.3743,    5.024130711,  -9.40
Jupiter,   2045-06-20T00:00:00.00, 330 18 51.2096, -00 59 39.9427,    5.021539400,  -9.40
Jupiter,   2045-06-30T00:00:00.00, 331 12 20.3808, -01  0 26.6943,    5.018987725,  -9.40
Jupiter,   2045-07-10T00:00:00.00, 332  5 52.8219, -01  1 12.6144,    5.016476318,  -9.40
Jupiter,   2045-07-20T00:00:00.00, 332 59 28.4867, -01  1 57.6883,    5.014005798,  -9.40
Jupiter,   2045-07-30T00:00:00.00, 333 53  7.3277, -01  2 41.9018,    5.011576772,  -9.40
Jupiter,   2045-08-09T00:00:00.00, 334 46 49.2956, -01  3 25.2407,    5.009189831,  -9.40
Jupiter,   2045-08-19T00:00:00.00, 335 40 34.3396, -01  4  7.6911,    5.006845557,  -9.40
Jupiter,   2045-08-29T00:00:00.00, 336 34 22.4067, -01  4 49.2394,    5.004544551,  -9.40
Jupiter,   2045-09-08T00:00:00.00, 337 28 13.4443, -01  5 29.8721,    5.002287424,  -9.40
Jupiter,   2045-09-18T00:00:00.00, 338 22  7.3996, -01  6  9.5760,    5.000074747,  -9.40
Jupiter,   2045-09-28T00:00:00.00, 339 16  4.2174, -01  6 48.3379,    4.997907070,  -9.40
Jupiter,   2045-10-08T00:00:00.00, 340 10  3.8411, -01  7 26.1448,    4.995784937,  -9.40
Jupiter,   2045-10-18T00:00:00.00, 341  4  6.2126, -01  8  2.9843,    4.993708894,  -9.40
Jupiter,   2045-10-28T00:00:00.00, 341 58 11.2727, -01  8 38.8440,    4.991679486,  -9.40
Jupiter,   2045-11-07T00:00:00.00, 342 52 18.9612, -01  9 13.7118,    4.989697254,  -9.40
Jupiter,   2045-11-17T00:00:00.00, 343 46 29.2161, -01  9 47.5761,    4.987762743,  -9.40
Jupiter,   2045-11-27T00:00:00.00, 344 40 41.9749, -01 10 20.4256,    4.985876524,  -9.40
Jupiter,   2045-12-07T00:00:00.00, 345 34 57.1758, -01 10 52.2493,    4.984039178,  -9.40
Jupiter,   2045-12-17T00:00:00.00, 346 29 14.7577, -01 11 23.0364,    4.982251247,  -9.40
Jupiter,   2045-12-27T00:00:00.00, 347 23 34.6579, -01 11 52.7761,    4.980513244,  -9.40
Jupiter,   2046-01-06T00:00:00.00, 348 17 56.8132, -01 12 21.4584,    4.978825673,  -9.40
Jupiter,   2046-01-16T00:00:00.00, 349 12 21.1597, -01 12 49.0732,    4.977189023,  -9.40
Jupiter,   2046-01-26T00:00:00.00, 350  6 47.6330, -01 13 15.6109,    4.975603765,  -9.40
Jupiter,   2046-02-05T00:00:00.00, 351  1 16.1680, -01 13 41.0622,    4.974070346,  -9.40
Jupiter,   2046-02-15T00:00:00.00, 351 55 46.6984, -01 14  5.4183,    4.972589198,  -9.40
Jupiter,   2046-02-25T00:00:00.00, 352 50 19.1572, -01 14 28.6707,    4.971160762,  -9.40
Jupiter,   2046-03-07T00:00:00.00, 353 44 53.4784, -01 14 50.8111,    4.969785463,  -9.40
Jupiter,   2046-03-17T00:00:00.00, 354 39 29.5959, -01 15 11.8315,    4.968463671,  -9.40
Jupiter,   2046-03-27T00:00:00.00, 355 34  7.4419, -01 15 31.7243,    4.967195716,  -9.40
Jupiter,   2046-04-06T00:00:00.00, 356 28 46.9475, -01 15 50.4820,    4.965981910,  -9.40
Jupiter,   2046-04-16T00:00:00.00, 357 23 28.0426, -01 16  8.0978,    4.964822544,  -9.40
Jupiter,   2046-04-26T00:00:00.00, 358 18 10.6560, -01 16 24.5652,    4.963717891,  -9.40
Jupiter,   2046-05-06T00:00:00.00, 359 12 54.7152, -01 16 39.8778,    4.962668203,  -9.40
Jupiter,   2046-05-16T00:00:00.00,   0  7 40.1460, -01 16 54.0302,    4.961673731,  -9.40
Jupiter,   2046-05-26T00:00:00.00,   1  2 26.8735, -01 17  7.0172,    4.960734747,  -9.40
Jupiter,   2046-06-05T00:00:00.00,   1 57 14.8239, -01 17 18.8338,    4.959851517,  -9.40
Jupiter,   2046-06-15T00:00:00.00,   2 52  3.9229, -01 17 29.4754,    4.959024268,  -9.40
Jupiter,   2046-06-25T00:00:00.00,   3 46 54.0950, -01 17 38.9379,    4.958253204,  -9.40
Jupiter,   2046-07-05T00:00:00.00,   4 41 45.2641, -01 17 47.2175,    4.957538526,  -9.40
Jupiter,   2046-07-15T00:00:00.00,   5 36 37.3535, -01 17 54.3109,    4.956880426,  -9.40
Jupiter,   2046-07-25T00:00:00.00,   6 31 30.2860, -01 18  0.2152,    4.956279083,  -9.40
Jupiter,   2046-08-04T00:00:00.00,   7 26 23.9841, -01 18  4.9281,    4.955734667,  -9.40
Jupiter,   2046-08-14T00:00:00.00,   8 21 18.3691, -01 18  8.4475,    4.955247347,  -9.40
Jupiter,   2046-08-24T00:00:00.00,   9 16 13.3630, -01 18 10.7721,    4.954817316,  -9.40
Jupiter,   2046-09-03T00:00:00.00,  10 11  8.8894, -01 18 11.9006,    4.954444750,  -9.40
Jupiter,   2046-09-13T00:00:00.00,  11  6  4.8723, -01 18 11.8322,    4.954129779,  -9.40
Jupiter,   2046-09-23T00:00:00.00,  12  1  1.2353, -01 18 10.5662,    4.953872502,  -9.40
Jupiter,   2046-10-03T00:00:00.00,  12 55 57.9017, -01 18  8.1027,    4.953672998,  -9.40
Jupiter,   2046-10-13T00:00:00.00,  13 50 54.7948, -01 18  4.4420,    4.953531323,  -9.40
Jupiter,   2046-10-23T00:00:00.00,  14 45 51.8376, -01 17 59.5848,    4.953447506,  -9.40
Jupiter,   2046-11-02T00:00:00.00,  15 40 48.9528, -01 17 53.5324,    4.953421548,  -9.40
Jupiter,   2046-11-12T00:00:00.00,  16 35 46.0616, -01 17 46.2865,    4.953453444,  -9.40
Jupiter,   2046-11-22T00:00:00.00,  17 30 43.0860, -01 17 37.8491,    4.953543206,  -9.40
Jupiter,   2046-12-02T00:00:00.00,  18 25 39.9494, -01 17 28.2227,    4.953690820,  -9.40
Jupiter,   2046-12-12T00:00:00.00,  19 20 36.5749, -01 17 17.4100,    4.953896222,  -9.40
Jupiter,   2046-12-22T00:00:00.00,  20 15 32.8851, -01 17  5.4142,    4.954159329,  -9.40
Jupiter,   2047-01-01T00:00:00.00,  21 10 28.8021, -01 16 52.2390,    4.954480042,  -9.40
Jupiter,   2047-01-11T00:00:00.00,  22  5 24.2480, -01 16 37.8882,    4.954858248,  -9.40
Jupiter,   2047-01-21T00:00:00.00,  23  0 19.1447, -01 16 22.3666,    4.955293816,  -9.40
Jupiter,   2047-01-31T00:00:00.00,  23 55 13.4136, -01 16  5.6790,    4.955786601,  -9.40
Jupiter,   2047-02-10T00:00:00.00,  24 50  6.9753, -01 15 47.8310,    4.956336470,  -9.40
Jupiter,   2047-02-20T00:00:00.00,  25 44 59.7516, -01 15 28.8285,    4.956943317,  -9.40
Jupiter,   2047-03-02T00:00:00.00,  26 39 51.6661, -01 15  8.6776,    4.957607015,  -9.40
Jupiter,   2047-03-12T00:00:00.00,  27 34 42.6431, -01 14 47.3848,    4.958327404,  -9.40
Jupiter,   2047-03-22T00:00:00.00,  28 29 32.6067, -01 14 24.9570,    4.959104308,  -9.40
Jupiter,   2047-04-01T00:00:00.00,  29 24 21.4819, -01 14  1.4015,    4.959937540,  -9.40
Jupiter,   2047-04-11T00:00:00.00,  30 19  9.1942, -01 13 36.7260,    4.960826896,  -9.40
Jupiter,   2047-04-21T00:00:00.00,  31 13 55.6699, -01 13 10.9385,    4.961772152,  -9.40
Jupiter,   2047-05-01T00:00:00.00,  32  8 40.8354, -01 12 44.0476,    4.962773059,  -9.40
Jupiter,   2047-05-11T00:00:00.00,  33  3 24.6170, -01 12 16.0622,    4.963829375,  -9.40
Jupiter,   2047-05-21T00:00:00.00,  33 58  6.9430, -01 11 46.9915,    4.964940870,  -9.40
Jupiter,   2047-05-31T00:00:00.00,  34 52 47.7437, -01 11 16.8449,    4.966107273,  -9.40
Jupiter,   2047-06-10T00:00:00.00,  35 47 26.9499, -01 10 45.6319,    4.967328268,  -9.40
Jupiter,   2047-06-20T00:00:00.00,  36 42  4.4929, -01 10 13.3627,    4.968603511,  -9.40
Jupiter,   2047-06-30T00:00:00.00,  37 36 40.3042, -01  9 40.0476,    4.969932631,  -9.40
Jupiter,   2047-07-10T00:00:00.00,  38 31 14.3158, -01  9  5.6972,    4.971315232,  -9.40
Jupiter,   2047-07-20T00:00:00.00,  39 25 46.4600, -01  8 30.3228,    4.972750890,  -9.40
Jupiter,   2047-07-30T00:00:00.00,  40 20 16.6685, -01  7 53.9357,    4.974239154,  -9.40
Jupiter,   2047-08-09T00:00:00.00,  41 14 44.8726, -01  7 16.5479,    4.975779589,  -9.40
Jupiter,   2047-08-19T00:00:00.00,  42  9 11.0053, -01  6 38.1714,    4.977371774,  -9.40
Jupiter,   2047-08-29T00:00:00.00,  43  3 35.0010, -01  5 58.8184,    4.979015254,  -9.40
Jupiter,   2047-09-08T00:00:00.00,  43 57 56.7944, -01  5 18.5015,    4.980709548,  -9.40
Jupiter,   2047-09-18T00:00:00.00,  44 52 16.3204, -01  4 37.2335,    4.982454163,  -9.40
Jupiter,   2047-09-28T00:00:00.00,  45 46 33.5145, -01  3 55.0277,    4.984248598,  -9.40
Jupiter,   2047-10-08T00:00:00.00,  46 40 48.3126, -01  3 11.8975,    4.986092342,  -9.40
Jupiter,   2047-10-18T00:00:00.00,  47 35  0.6514, -01  2 27.8565,    4.987984874,  -9.40
Jupiter,   2047-10-28T00:00:00.00,  48 29 10.4672, -01  1 42.9191,    4.989925665,  -9.40
Jupiter,   2047-11-07T00:00:00.00,  49 23 17.6967, -01  0 57.0995,    4.991914221,  -9.40
Jupiter,   2047-11-17T00:00:00.00,  50 17 22.2794, -01  0 10.4122,    4.993950070,  -9.40
Jupiter,   2047-11-27T00:00:00.00,  51 11 24.1565, -00 59 22.8717,    4.996032713,  -9.40
Jupiter,   2047-12-07T00:00:00.00,  52  5 23.2706, -00 58 34.4929,    4.998161634,  -9.40
Jupiter,   2047-12-17T00:00:00.00,  52 59 19.5654, -00 57 45.2906,    5.000336304,  -9.40
Jupiter,   2047-12-27T00:00:00.00,  53 53 12.9860, -00 56 55.2800,    5.002556180,  -9.40
Jupiter,   2048-01-06T00:00:00.00,  54 47  3.4787, -00 56  4.4765,    5.004820704,  -9.40
Jupiter,   2048-01-16T00:00:00.00,  55 40 50.9911, -00 55 12.8955,    5.007129292,  -9.40
Jupiter,   2048-01-26T00:00:00.00,  56 34 35.4707, -00 54 20.5528,    5.009481341,  -9.40
Jupiter,   2048-02-05T00:00:00.00,  57 28 16.8659, -00 53 27.4645,    5.011876272,  -9.40
Jupiter,   2048-02-15T00:00:00.00,  58 21 55.1279, -00 52 33.6464,    5.014313506,  -9.40
Jupiter,   2048-02-25T00:00:00.00,  59 15 30.2094, -00 51 39.1146,    5.016792428,  -9.40
Jupiter,   2048-03-06T00:00:00.00,  60  9  2.0641, -00 50 43.8851,    5.019312393,  -9.40
Jupiter,   2048-03-16T00:00:00.00,  61  2 30.6465, -00 49 47.9744,    5.021872736,  -9.40
Jupiter,   2048-03-26T00:00:00.00,  61 55 55.9120, -00 48 51.3988,    5.024472778,  -9.40
Jupiter,   2048-04-05T00:00:00.00,  62 49 17.8168, -00 47 54.1751,    5.027111820,  -9.40
Jupiter,   2048-04-15T00:00:00.00,  63 42 36.3175, -00 46 56.3200,    5.029789141,  -9.40
Jupiter,   2048-04-25T00:00:00.00,  64 35 51.3706, -00 45 57.8506,    5.032504011,  -9.40
Jupiter,   2048-05-05T00:00:00.00,  65 29  2.9330, -00 44 58.7840,    5.035255740,  -9.40
Jupiter,   2048-05-15T00:00:00.00,  66 22 10.9639, -00 43 59.1374,    5.038043643,  -9.40
Jupiter,   2048-05-25T00:00:00.00,  67 15 15.4240, -00 42 58.9277,    5.040867014,  -9.40
Jupiter,   2048-06-04T00:00:00.00,  68  8 16.2751, -00 41 58.1721,    5.043725139,  -9.40
Jupiter,   2048-06-14T00:00:00.00,  69  1 13.4798, -00 40 56.8879,    5.046617297,  -9.40
Jupiter,   2048-06-24T00:00:00.00,  69 54  7.0018, -00 39 55.0925,    5.049542769,  -9.40
Jupiter,   2048-07-04T00:00:00.00,  70 46 56.8062, -00 38 52.8031,    5.052500827,  -9.40
Jupiter,   2048-07-14T00:00:00.00,  71 39 42.8592, -00 37 50.0373,    5.055490728,  -9.40
Jupiter,   2048-07-24T00:00:00.00,  72 32 25.1268, -00 36 46.8127,    5.058511735,  -9.40
Jupiter,   2048-08-03T00:00:00.00,  73 25  3.5765, -00 35 43.1467,    5.061563151,  -9.40
Jupiter,   2048-08-13T00:00:00.00,  74 17 38.1789, -00 34 39.0567,    5.064644277,  -9.40
Jupiter,   2048-08-23T00:00:00.00,  75 10  8.9062, -00 33 34.5598,    5.067754392,  -9.40
Jupiter,   2048-09-02T00:00:00.00,  76  2 35.7320, -00 32 29.6735,    5.070892754,  -9.40
Jupiter,   2048-09-12T00:00:00.00,  76 54 58.6312, -00 31 24.4149,    5.074058609,  -9.40
Jupiter,   2048-09-22T00:00:00.00,  77 47 17.5800, -00 30 18.8012,    5.077251188,  -9.40
Jupiter,   2048-10-02T00:00:00.00,  78 39 32.5558, -00 29 12.8498,    5.080469699,  -9.40
Jupiter,   2048-10-12T00:00:00.00,  79 31 43.5364, -00 28  6.5779,    5.083713324,  -9.40
Jupiter,   2048-10-22T00:00:00.00,  80 23 50.4994, -00 27  0.0030,    5.086981245,  -9.40
Jupiter,   2048-11-01T00:00:00.00,  81 15 53.4233, -00 25 53.1422,    5.090272679,  -9.40
Jupiter,   2048-11-11T00:00:00.00,  82  7 52.2889, -00 24 46.0126,    5.093586833,  -9.40
Jupiter,   2048-11-21T00:00:00.00,  82 59 47.0782, -00 23 38.6312,    5.096922896,  -9.40
Jupiter,   2048-12-01T00:00:00.00,  83 51 37.7737, -00 22 31.0151,    5.100280045,  -9.40
Jupiter,   2048-12-11T00:00:00.00,  84 43 24.3587, -00 21 23.1811,    5.103657454,  -9.40
Jupiter,   2048-12-21T00:00:00.00,  85 35  6.8173, -00 20 15.1462,    5.107054293,  -9.40
Jupiter,   2048-12-31T00:00:00.00,  86 26 45.1344, -00 19  6.9274,    5.110469729,  -9.40
Jupiter,   2049-01-10T00:00:00.00,  87 18 19.2951, -00 17 58.5416,    5.113902914,  -9.40
Jupiter,   2049-01-20T00:00:00.00,  88  9 49.2841, -00 16 50.0057,    5.117353027,  -9.40
Jupiter,   2049-01-30T00:00:00.00,  89  1 15.0873, -00 15 41.3365,    5.120819300,  -9.40
Jupiter,   2049-02-09T00:00:00.00,  89 52 36.6933, -00 14 32.5503,    5.124300969,  -9.40
Jupiter,   2049-02-19T00:00:00.00,  90 43 54.0917, -00 13 23.6637,    5.127797266,  -9.40
Jupiter,   2049-03-01T00:00:00.00,  91 35  7.2737, -00 12 14.6929,    5.131307429,  -9.40
Jupiter,   2049-03-11T00:00:00.00,  92 26 16.2317, -00 11  5.6540,    5.134830698,  -9.40
Jupiter,   2049-03-21T00:00:00.00,  93 17 20.9597, -00  9 56.5631,    5.138366317,  -9.40
Jupiter,   2049-03-31T00:00:00.00,  94  8 21.4531, -00  8 47.4361,    5.141913516,  -9.40
Jupiter,   2049-04-10T00:00:00.00,  94 59 17.7081, -00  7 38.2890,    5.145471511,  -9.40
Jupiter,   2049-04-20T00:00:00.00,  95 50  9.7209, -00  6 29.1375,    5.149039537,  -9.40
Jupiter,   2049-04-30T00:00:00.00,  96 40 57.4897, -00  5 19.9973,    5.152616864,  -9.40
Jupiter,   2049-05-10T00:00:00.00,  97 31 41.0151, -00  4 10.8834,    5.156202747,  -9.40
Jupiter,   2049-05-20T00:00:00.00,  98 22 20.2991, -00  3  1.8112,    5.159796426,  -9.40
Jupiter,   2049-05-30T00:00:00.00,  99 12 55.3446, -00  1 52.7956,    5.163397124,  -9.40
Jupiter,   2049-06-09T00:00:00.00, 100  3 26.1556, -00  0 43.8516,    5.167004058,  -9.40
Jupiter,   2049-06-19T00:00:00.00, 100 53 52.7373, +00  0 25.0059,    5.170616429,  -9.40
Jupiter,   2049-06-29T00:00:00.00, 101 44 15.0955, +00  1 33.7623,    5.174233420,  -9.40
Jupiter,   2049-07-09T00:00:00.00, 102 34 33.2358, +00  2 42.4028,    5.177854189,  -9.40
Jupiter,   2049-07-19T00:00:00.00, 103 24 47.1632, +00  3 50.9127,    5.181477922,  -9.40
Jupiter,   2049-07-29T00:00:00.00, 104 14 56.8841, +00  4 59.2778,    5.185103836,  -9.40
Jupiter,   2049-08-08T00:00:00.00, 105  5  2.4065, +00  6  7.4839,    5.188731141,  -9.40
Jupiter,   2049-08-18T00:00:00.00, 105 55  3.7388, +00  7 15.5170,    5.192359039,  -9.40
Jupiter,   2049-08-28T00:00:00.00, 106 45  0.8902, +00  8 23.3633,    5.195986735,  -9.40
Jupiter,   2049-09-07T00:00:00.00, 107 34 53.8704, +00  9 31.0089,    5.199613441,  -9.40
Jupiter,   2049-09-17T00:00:00.00, 108 24 42.6900, +00 10 38.4403,    5.203238371,  -9.40
Jupiter,   2049-09-27T00:00:00.00, 109 14 27.3603, +00 11 45.6441,    5.206860734,  -9.40
Jupiter,   2049-10-07T00:00:00.00, 110  4  7.8921, +00 12 52.6066,    5.210479734,  -9.40
Jupiter,   2049-10-17T00:00:00.00, 110 53 44.2960, +00 13 59.3148,    5.214094624,  -9.40
Jupiter,   2049-10-27T00:00:00.00, 111 43 16.5847, +00 15  5.7558,    5.217704694,  -9.40
Jupiter,   2049-11-06T00:00:00.00, 112 32 44.7725, +00 16 11.9170,    5.221309233,  -9.40
Jupiter,   2049-11-16T00:00:00.00, 113 22  8.8748, +00 17 17.7859,    5.224907532,  -9.40
Jupiter,   2049-11-26T00:00:00.00, 114 11 28.9080, +00 18 23.3502,    5.228498884,  -9.40
Jupiter,   2049-12-06T00:00:00.00, 115  0 44.8900, +00 19 28.5977,    5.232082586,  -9.40
Jupiter,   2049-12-16T00:00:00.00, 115 49 56.8394, +00 20 33.5166,    5.235657929,  -9.40
Jupiter,   2049-12-26T00:00:00.00, 116 39  4.7762, +00 21 38.0949,    5.239224183,  -9.40
Jupiter,   2050-01-05T00:00:00.00, 117 28  8.7195, +00 22 42.3208,    5.242780609,  -9.40
Jupiter,   2050-01-15T00:00:00.00, 118 17  8.6888, +00 23 46.1828,    5.246326506,  -9.40
Jupiter,   2050-01-25T00:00:00.00, 119  6  4.7049, +00 24 49.6697,    5.249861191,  -9.40
Jupiter,   2050-02-04T00:00:00.00, 119 54 56.7902, +00 25 52.7703,    5.253383972,  -9.40
Jupiter,   2050-02-14T00:00:00.00, 120 43 44.9675, +00 26 55.4737,    5.256894151,  -9.40
Jupiter,   2050-02-24T00:00:00.00, 121 32 29.2604, +00 27 57.7691,    5.260391027,  -9.40
Jupiter,   2050-03-06T00:00:00.00, 122 21  9.6929, +00 28 59.6457,    5.263873900,  -9.40
Jupiter,   2050-03-16T00:00:00.00, 123  9 46.2899, +00 30  1.0931,    5.267342065,  -9.40
Jupiter,   2050-03-26T00:00:00.00, 123 58 19.0763, +00 31  2.1006,    5.270794798,  -9.40
Jupiter,   2050-04-05T00:00:00.00, 124 46 48.0759, +00 32  2.6579,    5.274231374,  -9.40
Jupiter,   2050-04-15T00:00:00.00, 125 35 13.3123, +00 33  2.7547,    5.277651123,  -9.40
Jupiter,   2050-04-25T00:00:00.00, 126 23 34.8107, +00 34  2.3813,    5.281053396,  -9.40
Jupiter,   2050-05-05T00:00:00.00, 127 11 52.5969, +00 35  1.5278,    5.284437551,  -9.40
Jupiter,   2050-05-15T00:00:00.00, 128  0  6.6975, +00 36  0.1848,    5.287802955,  -9.40
Jupiter,   2050-05-25T00:00:00.00, 128 48 17.1395, +00 36 58.3428,    5.291148988,  -9.40
Jupiter,   2050-06-04T00:00:00.00, 129 36 23.9512, +00 37 55.9927,    5.294475042,  -9.40
Jupiter,   2050-06-14T00:00:00.00, 130 24 27.1615, +00 38 53.1252,    5.297780514,  -9.40
Jupiter,   2050-06-24T00:00:00.00, 131 12 26.8002, +00 39 49.7314,    5.301064787,  -9.40
Jupiter,   2050-07-04T00:00:00.00, 132  0 22.8962, +00 40 45.8025,    5.304327254,  -9.40
Jupiter,   2050-07-14T00:00:00.00, 132 48 15.4788, +00 41 41.3299,    5.307567355,  -9.40
Jupiter,   2050-07-24T00:00:00.00, 133 36  4.5796, +00 42 36.3053,    5.310784548,  -9.40
Jupiter,   2050-08-03T00:00:00.00, 134 23 50.2311, +00 43 30.7206,    5.313978285,  -9.40
Jupiter,   2050-08-13T00:00:00.00, 135 11 32.4667, +00 44 24.5679,    5.317148017,  -9.40
Jupiter,   2050-08-23T00:00:00.00, 135 59 11.3206, +00 45 17.8393,    5.320293191,  -9.40
Jupiter,   2050-09-02T00:00:00.00, 136 46 46.8281, +00 46 10.5271,    5.323413253,  -9.40
Jupiter,   2050-09-12T00:00:00.00, 137 34 19.0252, +00 47  2.6237,    5.326507633,  -9.40
Jupiter,   2050-09-22T00:00:00.00, 138 21 47.9479, +00 47 54.1214,    5.329575728,  -9.40
Jupiter,   2050-10-02T00:00:00.00, 139  9 13.6310, +00 48 45.0129,    5.332616941,  -9.40
Jupiter,   2050-10-12T00:00:00.00, 139 56 36.1096, +00 49 35.2911,    5.335630710,  -9.40
Jupiter,   2050-10-22T00:00:00.00, 140 43 55.4195, +00 50 24.9489,    5.338616480,  -9.40
Jupiter,   2050-11-01T00:00:00.00, 141 31 11.5974, +00 51 13.9795,    5.341573689,  -9.40
Jupiter,   2050-11-11T00:00:00.00, 142 18 24.6796, +00 52  2.3762,    5.344501775,  -9.40
Jupiter,   2050-11-21T00:00:00.00, 143  5 34.7028, +00 52 50.1323,    5.347400180,  -9.40
Jupiter,   2050-12-01T00:00:00.00, 143 52 41.7039, +00 53 37.2413,    5.350268355,  -9.40
Jupiter,   2050-12-11T00:00:00.00, 144 39 45.7202, +00 54 23.6970,    5.353105745,  -9.40
Jupiter,   2050-12-21T00:00:00.00, 145 26 46.7881, +00 55  9.4927,    5.355911777,  -9.40
Jupiter,   2050-12-31T00:00:00.00, 146 13 44.9428, +00 55 54.6225,    5.358685911,  -9.40
Jupiter,   2051-01-10T00:00:00.00, 147  0 40.2198, +00 56 39.0805,    5.361427658,  -9.40
Jupiter,   2051-01-20T00:00:00.00, 147 47 32.6554, +00 57 22.8610,    5.364136551,  -9.40
Jupiter,   2051-01-30T00:00:00.00, 148 34 22.2869, +00 58  5.9583,    5.366812136,  -9.40
Jupiter,   2051-02-09T00:00:00.00, 149 21  9.1519, +00 58 48.3672,    5.369453974,  -9.40
Jupiter,   2051-02-19T00:00:00.00, 150  7 53.2887, +00 59 30.0823,    5.372061641,  -9.40
Jupiter,   2051-03-01T00:00:00.00, 150 54 34.7366, +01  0 11.0986,    5.374634726,  -9.40
Jupiter,   2051-03-11T00:00:00.00, 151 41 13.5360, +01  0 51.4108,    5.377172811,  -9.40
Jupiter,   2051-03-21T00:00:00.00, 152 27 49.7270, +01  1 31.0139,    5.379675457,  -9.40
Jupiter,   2051-03-31T00:00:00.00, 153 14 23.3488, +01  2  9.9032,    5.382142253,  -9.40
Jupiter,   2051-04-10T00:00:00.00, 154  0 54.4416, +01  2 48.0741,    5.384572825,  -9.40
Jupiter,   2051-04-20T00:00:00.00, 154 47 23.0469, +01  3 25.5221,    5.386966803,  -9.40
Jupiter,   2051-04-30T00:00:00.00, 155 33 49.2067, +01  4  2.2429,    5.389323812,  -9.40
Jupiter,   2051-05-10T00:00:00.00, 156 20 12.9636, +01  4 38.2321,    5.391643480,  -9.40
Jupiter,   2051-05-20T00:00:00.00, 157  6 34.3608, +01  5 13.4857,    5.393925433,  -9.40
Jupiter,   2051-05-30T00:00:00.00, 157 52 53.4419, +01  5 47.9994,    5.396169296,  -9.40
Jupiter,   2051-06-09T00:00:00.00, 158 39 10.2512, +01  6 21.7693,    5.398374670,  -9.40
Jupiter,   2051-06-19T00:00:00.00, 159 25 24.8320, +01  6 54.7913,    5.400541131,  -9.40
Jupiter,   2051-06-29T00:00:00.00, 160 11 37.2260, +01  7 27.0615,    5.402668285,  -9.40
Jupiter,   2051-07-09T00:00:00.00, 160 57 47.4758, +01  7 58.5764,    5.404755768,  -9.40
Jupiter,   2051-07-19T00:00:00.00, 161 43 55.6241, +01  8 29.3325,    5.406803223,  -9.40
Jupiter,   2051-07-29T00:00:00.00, 162 30  1.7139, +01  8 59.3264,    5.408810300,  -9.40
Jupiter,   2051-08-08T00:00:00.00, 163 16  5.7881, +01  9 28.5547,    5.410776659,  -9.40
Jupiter,   2051-08-18T00:00:00.00, 164  2  7.8900, +01  9 57.0144,    5.412701974,  -9.40