# Miriade.ephemcc.results
# Request:
# targetType: Planet, targetNumber: 6, targetName: Saturn, Diameter: 116464.00 km, Orbital period: 1.07592300E+04 d, Time_Scale: UTC, Planetary_Theory: INPOP13C, Coordinates: Ecliptic, frameType: Astrometric J2000, frameCentre: Heliocenter
# Nb rows: 400
Target, Date, Longitude ("d:m:s"), Latitude ("d:m:s"), Distance (au), H
Saturn,   2024-04-12T00:00:00.00, 340 50 23.6259, -01 49 34.8847,    9.708655525,  -8.88
Saturn,   2024-07-21T00:00:00.00, 344  4 46.0952, -01 55  7.8993,    9.679437036,  -8.88
Saturn,   2024-10-29T00:00:00.00, 347 20 19.0794, -02  0 20.6754,    9.649701603,  -8.88
Saturn,   2025-02-06T00:00:00.00, 350 37  4.2399, -02  5 11.8268,    9.619533019,  -8.88
Saturn,   2025-05-17T00:00:00.00, 353 55  2.9457, -02  9 39.9906,    9.589047349,  -8.88
Saturn,   2025-08-25T00:00:00.00, 357 14 17.0332, -02 13 43.8308,    9.558337600,  -8.88
Saturn,   2025-12-03T00:00:00.00,   0 34 47.2910, -02 17 22.0587,    9.527494481,  -8.88
Saturn,   2026-03-13T00:00:00.00,   3 56 34.6765, -02 20 33.4168,    9.496630846,  -8.88
Saturn,   2026-06-21T00:00:00.00,   7 19 39.7597, -02 23 16.6966,    9.465848929,  -8.88
Saturn,   2026-09-29T00:00:00.00,  10 44  3.1574, -02 25 30.7710,    9.435261611,  -8.88
Saturn,   2027-01-07T00:00:00.00,  14  9 44.8715, -02 27 14.5829,    9.404955049,  -8.88
Saturn,   2027-04-17T00:00:00.00,  17 36 44.3874, -02 28 27.1612,    9.375054971,  -8.88
Saturn,   2027-07-26T00:00:00.00,  21  5  1.6000, -02 29  7.6189,    9.345667891,  -8.88
Saturn,   2027-11-03T00:00:00.00,  24 34 35.5135, -02 29 15.2126,    9.316896561,  -8.88
Saturn,   2028-02-11T00:00:00.00,  28  5 25.0739, -02 28 49.3007,    9.288845866,  -8.88
Saturn,   2028-05-21T00:00:00.00,  31 37 28.4404, -02 27 49.3830,    9.261623630,  -8.88
Saturn,   2028-08-29T00:00:00.00,  35 10 44.1253, -02 26 15.0979,    9.235349695,  -8.88
Saturn,   2028-12-07T00:00:00.00,  38 45  9.9489, -02 24  6.2628,    9.210105666,  -8.88
Saturn,   2029-03-17T00:00:00.00,  42 20 43.0911, -02 21 22.8575,    9.186004203,  -8.88
Saturn,   2029-06-25T00:00:00.00,  45 57 20.8469, -02 18  5.0196,    9.163143558,  -8.88
Saturn,   2029-10-03T00:00:00.00,  49 34 59.9708, -02 14 13.1028,    9.141625431,  -8.88
Saturn,   2030-01-11T00:00:00.00,  53 13 37.2235, -02  9 47.6347,    9.121530327,  -8.88
Saturn,   2030-04-21T00:00:00.00,  56 53  8.2596, -02  4 49.3627,    9.102942149,  -8.88
Saturn,   2030-07-30T00:00:00.00,  60 33 29.2188, -01 59 19.1964,    9.085960726,  -8.88
Saturn,   2030-11-07T00:00:00.00,  64 14 35.7575, -01 53 18.2835,    9.070646921,  -8.88
Saturn,   2031-02-15T00:00:00.00,  67 56 23.1245, -01 46 47.9558,    9.057075089,  -8.88
Saturn,   2031-05-26T00:00:00.00,  71 38 46.3334, -01 39 49.7337,    9.045300827,  -8.88
Saturn,   2031-09-03T00:00:00.00,  75 21 40.1913, -01 32 25.3317,    9.035397187,  -8.88
Saturn,   2031-12-12T00:00:00.00,  79  4 59.8744, -01 24 36.6291,    9.027401243,  -8.88
Saturn,   2032-03-21T00:00:00.00,  82 48 39.5041, -01 16 25.7025,    9.021344520,  -8.88
Saturn,   2032-06-29T00:00:00.00,  86 32 33.6596, -01  7 54.7325,    9.017271002,  -8.88
Saturn,   2032-10-07T00:00:00.00,  90 16 36.6966, -00 59  6.0743,    9.015198247,  -8.88
Saturn,   2033-01-15T00:00:00.00,  94  0 43.1542, -00 50  2.1716,    9.015143886,  -8.88
Saturn,   2033-04-25T00:00:00.00,  97 44 47.1901, -00 40 45.5827,    9.017093733,  -8.88
Saturn,   2033-08-03T00:00:00.00, 101 28 42.9185, -00 31 18.9277,    9.021062562,  -8.88
Saturn,   2033-11-11T00:00:00.00, 105 12 25.1981, -00 21 44.8755,    9.027029701,  -8.88
Saturn,   2034-02-19T00:00:00.00, 108 55 48.2744, -00 12  6.1464,    9.034963378,  -8.88
Saturn,   2034-05-30T00:00:00.00, 112 38 46.8174, -00  2 25.4344,    9.044829993,  -8.88
Saturn,   2034-09-07T00:00:00.00, 116 21 15.3073, +00  7 14.5472,    9.056588278,  -8.88
Saturn,   2034-12-16T00:00:00.00, 120  3  9.0320, +00 16 51.1567,    9.070197075,  -8.88
Saturn,   2035-03-26T00:00:00.00, 123 44 23.0289, +00 26 21.7831,    9.085573174,  -8.88
Saturn,   2035-07-04T00:00:00.00, 127 24 52.3307, +00 35 43.9139,    9.102663409,  -8.88
Saturn,   2035-10-12T00:00:00.00, 131  4 32.7638, +00 44 55.1202,    9.121390927,  -8.88
Saturn,   2036-01-20T00:00:00.00, 134 43 20.1015, +00 53 53.0845,    9.141675989,  -8.88
Saturn,   2036-04-29T00:00:00.00, 138 21 10.6495, +01  2 35.6308,    9.163419477,  -8.88
Saturn,   2036-08-07T00:00:00.00, 141 58  0.3296, +01 11  0.6959,    9.186527980,  -8.88
Saturn,   2036-11-15T00:00:00.00, 145 33 46.1919, +01 19  6.3858,    9.210918638,  -8.88
Saturn,   2037-02-23T00:00:00.00, 149  8 25.2938, +01 26 50.9423,    9.236469343,  -8.88
Saturn,   2037-06-03T00:00:00.00, 152 41 54.8253, +01 34 12.7902,    9.263078800,  -8.88
Saturn,   2037-09-11T00:00:00.00, 156 14 12.4456, +01 41 10.4916,    9.290631096,  -8.88
Saturn,   2037-12-20T00:00:00.00, 159 45 16.1393, +01 47 42.7829,    9.319026175,  -8.88
Saturn,   2038-03-30T00:00:00.00, 163 15  4.6363, +01 53 48.5683,    9.348132830,  -8.88
Saturn,   2038-07-08T00:00:00.00, 166 43 36.1204, +01 59 26.9093,    9.377826581,  -8.88
Saturn,   2038-10-16T00:00:00.00, 170 10 49.8111, +02  4 37.0191,    9.408000049,  -8.88
Saturn,   2039-01-24T00:00:00.00, 173 36 45.0777, +02  9 18.2577,    9.438521703,  -8.88
Saturn,   2039-05-04T00:00:00.00, 177  1 21.7499, +02 13 30.1506,    9.469268935,  -8.88
Saturn,   2039-08-12T00:00:00.00, 180 24 39.6975, +02 17 12.3408,    9.500101674,  -8.88
Saturn,   2039-11-20T00:00:00.00, 183 46 39.2185, +02 20 24.6046,    9.530914297,  -8.88
Saturn,   2040-02-28T00:00:00.00, 187  7 21.5360, +02 23  6.8346,    9.561571421,  -8.88
Saturn,   2040-06-07T00:00:00.00, 190 26 47.4752, +02 25 19.0587,    9.591944368,  -8.88
Saturn,   2040-09-15T00:00:00.00, 193 44 58.6199, +02 27  1.3854,    9.621921897,  -8.88
Saturn,   2040-12-24T00:00:00.00, 197  1 56.6057, +02 28 14.0261,    9.651399463,  -8.88
Saturn,   2041-04-03T00:00:00.00, 200 17 43.8285, +02 28 57.2875,    9.680288156,  -8.88
Saturn,   2041-07-12T00:00:00.00, 203 32 22.2961, +02 29 11.5649,    9.708483394,  -8.88
Saturn,   2041-10-20T00:00:00.00, 206 45 54.0802, +02 28 57.3186,    9.735930981,  -8.88
Saturn,   2042-01-28T00:00:00.00, 209 58 21.7839, +02 28 15.0662,    9.762560557,  -8.88
Saturn,   2042-05-08T00:00:00.00, 213  9 47.6379, +02 27  5.4153,    9.788310810,  -8.88
Saturn,   2042-08-16T00:00:00.00, 216 20 14.0934, +02 25 29.0044,    9.813115388,  -8.88
Saturn,   2042-11-24T00:00:00.00, 219 29 43.1641, +02 23 26.5314,    9.836923857,  -8.88
Saturn,   2043-03-04T00:00:00.00, 222 38 17.7115, +02 20 58.7171,    9.859693752,  -8.88
Saturn,   2043-06-12T00:00:00.00, 225 46  0.1717, +02 18  6.3525,    9.881351848,  -8.88
Saturn,   2043-09-20T00:00:00.00, 228 52 52.9911, +02 14 50.2426,    9.901858306,  -8.88
Saturn,   2043-12-29T00:00:00.00, 231 58 58.8804, +02 11 11.2174,    9.921160707,  -8.88
Saturn,   2044-04-07T00:00:00.00, 235  4 20.6330, +02  7 10.1489,    9.939223883,  -8.88
Saturn,   2044-07-16T00:00:00.00, 238  9  1.2977, +02  2 47.9242,    9.955987319,  -8.88
Saturn,   2044-10-24T00:00:00.00, 241 13  3.2975, +01 58  5.4681,    9.971413883,  -8.88
Saturn,   2045-02-01T00:00:00.00, 244 16 29.9092, +01 53  3.6881,    9.985479665,  -8.88
Saturn,   2045-05-12T00:00:00.00, 247 19 24.1523, +01 47 43.5498,    9.998140325,  -8.88
Saturn,   2045-08-20T00:00:00.00, 250 21 49.1896, +01 42  6.0086,   10.009369150,  -8.88
Saturn,   2045-11-28T00:00:00.00, 253 23 48.0009, +01 36 12.0454,   10.019131798,  -8.88
Saturn,   2046-03-08T00:00:00.00, 256 25 23.8685, +01 30  2.6438,   10.027426888,  -8.88
Saturn,   2046-06-16T00:00:00.00, 259 26 40.4213, +01 23 38.8053,   10.034218772,  -8.88
Saturn,   2046-09-24T00:00:00.00, 262 27 40.6218, +01 17  1.5581,   10.039492230,  -8.88
Saturn,   2047-01-02T00:00:00.00, 265 28 28.0209, +01 10 11.9086,   10.043242506,  -8.88
Saturn,   2047-04-12T00:00:00.00, 268 29  5.9813, +01  3 10.9098,   10.045463845,  -8.88
Saturn,   2047-07-21T00:00:00.00, 271 29 38.3020, +00 55 59.5969,   10.046152042,  -8.88
Saturn,   2047-10-29T00:00:00.00, 274 30  8.2095, +00 48 39.0467,   10.045291077,  -8.88
Saturn,   2048-02-06T00:00:00.00, 277 30 39.2284, +00 41 10.3208,   10.042906053,  -8.88
Saturn,   2048-05-16T00:00:00.00, 280 31 15.2288, +00 33 34.5115,   10.038991760,  -8.88
Saturn,   2048-08-24T00:00:00.00, 283 31 59.6278, +00 25 52.7272,   10.033557199,  -8.88
Saturn,   2048-12-02T00:00:00.00, 286 32 56.0577, +00 18  6.0766,   10.026609168,  -8.88
Saturn,   2049-03-12T00:00:00.00, 289 34  7.8443, +00 10 15.7066,   10.018174472,  -8.88
Saturn,   2049-06-20T00:00:00.00, 292 35 39.0231, +00  2 22.7527,   10.008275330,  -8.88
Saturn,   2049-09-28T00:00:00.00, 295 37 32.8864, -00  5 31.5990,    9.996916705,  -8.88
Saturn,   2050-01-06T00:00:00.00, 298 39 52.8923, -00 13 26.1756,    9.984141327,  -8.88
Saturn,   2050-04-16T00:00:00.00, 301 42 42.6238, -00 21 19.7584,    9.969975302,  -8.88
Saturn,   2050-07-25T00:00:00.00, 304 46  5.5973, -00 29 11.1250,    9.954459741,  -8.88
Saturn,   2050-11-02T00:00:00.00, 307 50  5.2673, -00 36 59.0298,    9.937616212,  -8.88
Saturn,   2051-02-10T00:00:00.00, 310 54 44.5675, -00 44 42.1982,    9.919499812,  -8.88
Saturn,   2051-05-21T00:00:00.00, 314  0  7.2111, -00 52 19.3497,    9.900164180,  -8.88
Saturn,   2051-08-29T00:00:00.00, 317  6 16.2591, -00 59 49.1660,    9.879647177,  -8.88
Saturn,   2051-12-07T00:00:00.00, 320 13 14.8516, -01  7 10.3345,    9.858009045,  -8.88
Saturn,   2052-03-16T00:00:00.00, 323 21  5.8315, -01 14 21.4945,    9.835305823,  -8.88
Saturn,   2052-06-24T00:00:00.00, 326 29 52.3174, -01 21 21.2910,    9.811617107,  -8.88
Saturn,   2052-10-02T00:00:00.00, 329 39 37.2678, -01 28  8.3454,    9.786988629,  -8.88
Saturn,   2053-01-10T00:00:00.00, 332 50 22.9504, -01 34 41.2723,    9.761500042,  -8.88
Saturn,   2053-04-20T00:00:00.00, 336  2 12.1657, -01 40 58.6693,    9.735232726,  -8.88
Saturn,   2053-07-29T00:00:00.00, 339 15  7.2385, -01 46 59.1295,    9.708264677,  -8.88
Saturn,   2053-11-06T00:00:00.00, 342 29 10.6203, -01 52 41.2613,    9.680675363,  -8.88
Saturn,   2054-02-14T00:00:00.00, 345 44 23.9768, -01 58  3.6571,    9.652543519,  -8.88
Saturn,   2054-05-25T00:00:00.00, 349  0 49.3249, -02  3  4.9285,    9.623980755,  -8.88
Saturn,   2054-09-02T00:00:00.00, 352 18 28.5193, -02  7 43.6995,    9.595061885,  -8.88
Saturn,   2054-12-11T00:00:00.00, 355 37 22.7300, -02 11 58.6362,    9.565885920,  -8.88
Saturn,   2055-03-21T00:00:00.00, 358 57 33.1794, -02 15 48.4142,    9.536548395,  -8.88
Saturn,   2055-06-29T00:00:00.00,   2 19  0.6519, -02 19 11.7591,    9.507160551,  -8.88
Saturn,   2055-10-07T00:00:00.00,   5 41 46.2223, -02 22  7.4524,    9.477818829,  -8.88
Saturn,   2056-01-15T00:00:00.00,   9  5 49.8366, -02 24 34.3430,    9.448613332,  -8.88
Saturn,   2056-04-24T00:00:00.00,  12 31 11.5963, -02 26 31.3378,    9.419666664,  -8.88
Saturn,   2056-08-02T00:00:00.00,  15 57 51.3560, -02 27 57.4298,    9.391074072,  -8.88
Saturn,   2056-11-10T00:00:00.00,  19 25 48.5353, -02 28 51.7280,    9.362943545,  -8.88
Saturn,   2057-02-18T00:00:00.00,  22 55  2.1473, -02 29 13.4330,    9.335363968,  -8.88
Saturn,   2057-05-29T00:00:00.00,  26 25 30.6060, -02 29  1.8708,    9.308453914,  -8.88
Saturn,   2057-09-06T00:00:00.00,  29 57 12.7757, -02 28 16.4876,    9.282311416,  -8.88
Saturn,   2057-12-15T00:00:00.00,  33 30  6.3906, -02 26 56.9071,    9.257019909,  -8.88
Saturn,   2058-03-25T00:00:00.00,  37  4  9.1360, -02 25  2.8768,    9.232679501,  -8.88
Saturn,   2058-07-03T00:00:00.00,  40 39 18.2264, -02 22 34.3178,    9.209375317,  -8.88
Saturn,   2058-10-11T00:00:00.00,  44 15 30.9267, -02 19 31.3257,    9.187199647,  -8.88
Saturn,   2059-01-19T00:00:00.00,  47 52 44.0187, -02 15 54.1824,    9.166205735,  -8.88
Saturn,   2059-04-29T00:00:00.00,  51 30 53.6455, -02 11 43.3530,    9.146476156,  -8.88
Saturn,   2059-08-07T00:00:00.00,  55  9 56.5655, -02  6 59.4670,    9.128076911,  -8.88
Saturn,   2059-11-15T00:00:00.00,  58 49 48.9380, -02  1 43.3869,    9.111063768,  -8.88
Saturn,   2060-02-23T00:00:00.00,  62 30 27.0980, -01 55 56.1374,    9.095494136,  -8.88
Saturn,   2060-06-02T00:00:00.00,  66 11 46.7033, -01 49 38.9607,    9.081429730,  -8.88
Saturn,   2060-09-10T00:00:00.00,  69 53 43.8500, -01 42 53.2669,    9.068958834,  -8.88
Saturn,   2060-12-19T00:00:00.00,  73 36 14.1963, -01 35 40.6856,    9.058133689,  -8.88
Saturn,   2061-03-29T00:00:00.00,  77 19 12.6150, -01 28  3.0209,    9.049032854,  -8.88
Saturn,   2061-07-07T00:00:00.00,  81  2 34.0831, -01 20  2.2307,    9.041722590,  -8.88
Saturn,   2061-10-15T00:00:00.00,  84 46 13.1037, -01 11 40.4576,    9.036268290,  -8.88
Saturn,   2062-01-23T00:00:00.00,  88 30  4.4394, -01  2 59.9590,    9.032708236,  -8.88
Saturn,   2062-05-03T00:00:00.00,  92 14  1.8521, -00 54  3.1508,    9.031067475,  -8.88
Saturn,   2062-08-11T00:00:00.00,  95 57 59.6600, -00 44 52.5111,    9.031387761,  -8.88
Saturn,   2062-11-19T00:00:00.00,  99 41 52.1456, -00 35 30.6385,    9.033666670,  -8.88
Saturn,   2063-02-27T00:00:00.00, 103 25 33.4364, -00 26  0.1738,    9.037905684,  -8.88
Saturn,   2063-06-07T00:00:00.00, 107  8 57.7170, -00 16 23.8017,    9.044081226,  -8.88
Saturn,   2063-09-15T00:00:00.00, 110 51 59.1419, -00  6 44.2301,    9.052186052,  -8.88
Saturn,   2063-12-24T00:00:00.00, 114 34 32.7356, +00  2 55.8566,    9.062180679,  -8.88
Saturn,   2064-04-02T00:00:00.00, 118 16 32.8291, +00 12 33.7736,    9.074007993,  -8.88
Saturn,   2064-07-11T00:00:00.00, 121 57 54.3655, +00 22  6.9200,    9.087626035,  -8.88
Saturn,   2064-10-19T00:00:00.00, 125 38 32.4450, +00 31 32.7292,    9.102969124,  -8.88
Saturn,   2065-01-27T00:00:00.00, 129 18 22.6899, +00 40 48.7526,    9.119974989,  -8.88
Saturn,   2065-05-07T00:00:00.00, 132 57 20.7413, +00 49 52.6285,    9.138545884,  -8.88
Saturn,   2065-08-15T00:00:00.00, 136 35 22.2493, +00 58 42.1199,    9.158615189,  -8.88
Saturn,   2065-11-23T00:00:00.00, 140 12 23.9705, +01  7 15.1215,    9.180093734,  -8.88
Saturn,   2066-03-03T00:00:00.00, 143 48 22.3920, +01 15 29.6644,    9.202879496,  -8.88
Saturn,   2066-06-11T00:00:00.00, 147 23 14.5860, +01 23 23.9482,    9.226872751,  -8.88
Saturn,   2066-09-19T00:00:00.00, 150 56 57.5712, +01 30 56.2998,    9.251970381,  -8.88
Saturn,   2066-12-28T00:00:00.00, 154 29 29.3311, +01 38  5.2298,    9.278082866,  -8.88
Saturn,   2067-04-07T00:00:00.00, 158  0 47.9503, +01 44 49.3985,    9.305080185,  -8.88
Saturn,   2067-07-16T00:00:00.00, 161 30 51.4566, +01 51  7.6399,    9.332864129,  -8.88
Saturn,   2067-10-24T00:00:00.00, 164 59 38.7601, +01 56 58.9283,    9.361325870,  -8.88
Saturn,   2068-02-01T00:00:00.00, 168 27  8.8475, +02  2 22.4065,    9.390360171,  -8.88
Saturn,   2068-05-11T00:00:00.00, 171 53 21.3672, +02  7 17.3764,    9.419848098,  -8.88
Saturn,   2068-08-19T00:00:00.00, 175 18 15.5314, +02 11 43.2757,    9.449676356,  -8.88
Saturn,   2068-11-27T00:00:00.00, 178 41 51.5710, +02 15 39.6815,    9.479756782,  -8.88
Saturn,   2069-03-07T00:00:00.00, 182  4  9.8922, +02 19  6.3055,    9.509967530,  -8.88
Saturn,   2069-06-15T00:00:00.00, 185 25 10.9399, +02 22  3.0013,    9.540208812,  -8.88
Saturn,   2069-09-23T00:00:00.00, 188 44 55.5221, +02 24 29.7149,    9.570372317,  -8.88
Saturn,   2070-01-01T00:00:00.00, 192  3 24.6321, +02 26 26.5131,    9.600374188,  -8.88
Saturn,   2070-04-11T00:00:00.00, 195 20 40.0477, +02 27 53.5623,    9.630107229,  -8.88
Saturn,   2070-07-20T00:00:00.00, 198 36 42.8797, +02 28 51.1381,    9.659467457,  -8.88
Saturn,   2070-10-28T00:00:00.00, 201 51 34.9907, +02 29 19.5753,    9.688377340,  -8.88
Saturn,   2071-02-05T00:00:00.00, 205  5 18.3211, +02 29 19.2986,    9.716742282,  -8.88
Saturn,   2071-05-16T00:00:00.00, 208 17 55.1302, +02 28 50.8119,    9.744480588,  -8.88
Saturn,   2071-08-24T00:00:00.00, 211 29 27.5349, +02 27 54.6758,    9.771492857,  -8.88
Saturn,   2071-12-02T00:00:00.00, 214 39 57.7149, +02 26 31.5062,    9.797719708,  -8.88
Saturn,   2072-03-11T00:00:00.00, 217 49 28.6270, +02 24 41.9604,    9.823079731,  -8.88
Saturn,   2072-06-19T00:00:00.00, 220 58  2.6397, +02 22 26.7756,    9.847492332,  -8.88
Saturn,   2072-09-27T00:00:00.00, 224  5 42.5355, +02 19 46.6948,    9.870891329,  -8.88
Saturn,   2073-01-05T00:00:00.00, 227 12 30.9001, +02 16 42.5150,    9.893213385,  -8.88
Saturn,   2073-04-15T00:00:00.00, 230 18 30.9588, +02 13 15.0529,    9.914407465,  -8.88
Saturn,   2073-07-24T00:00:00.00, 233 23 45.5655, +02  9 25.1741,    9.934394039,  -8.88
Saturn,   2073-11-01T00:00:00.00, 236 28 17.4822, +02  5 13.7533,    9.953136625,  -8.88
Saturn,   2074-02-09T00:00:00.00, 239 32 10.0387, +02  0 41.6776,    9.970584412,  -8.88
Saturn,   2074-05-20T00:00:00.00, 242 35 26.2954, +01 55 49.8825,    9.986693632,  -8.88
Saturn,   2074-08-28T00:00:00.00, 245 38  9.5632, +01 50 39.2959,   10.001413749,  -8.88
Saturn,   2074-12-06T00:00:00.00, 248 40 22.6304, +01 45 10.8836,   10.014710442,  -8.88
Saturn,   2075-03-16T00:00:00.00, 251 42  9.0924, +01 39 25.5933,   10.026565898,  -8.88
Saturn,   2075-06-24T00:00:00.00, 254 43 32.2096, +01 33 24.4248,   10.036931436,  -8.88
Saturn,   2075-10-02T00:00:00.00, 257 44 35.1367, +01 27  8.3655,   10.045790240,  -8.88
Saturn,   2076-01-10T00:00:00.00, 260 45 21.1941, +01 20 38.4185,   10.053116451,  -8.88
Saturn,   2076-04-19T00:00:00.00, 263 45 53.7409, +01 13 55.6049,   10.058905368,  -8.88
Saturn,   2076-07-28T00:00:00.00, 266 46 16.4240, +01  7  0.9484,   10.063126124,  -8.88
Saturn,   2076-11-05T00:00:00.00, 269 46 32.1378, +00 59 55.5060,   10.065766514,  -8.88
Saturn,   2077-02-13T00:00:00.00, 272 46 44.4926, +00 52 40.3097,   10.066832156,  -8.88
Saturn,   2077-05-24T00:00:00.00, 275 46 56.8654, +00 45 16.4432,   10.066308884,  -8.88
Saturn,   2077-09-01T00:00:00.00, 278 47 12.7296, +00 37 44.9723,   10.064196737,  -8.88
Saturn,   2077-12-10T00:00:00.00, 281 47 35.2660, +00 30  6.9973,   10.060484796,  -8.88
Saturn,   2078-03-20T00:00:00.00, 284 48  7.8299, +00 22 23.6179,   10.055197552,  -8.88
Saturn,   2078-06-28T00:00:00.00, 287 48 54.1767, +00 14 35.9525,   10.048325558,  -8.88
Saturn,   2078-10-06T00:00:00.00, 290 49 57.3363, +00  6 45.1454,   10.039872622,  -8.88
Saturn,   2079-01-14T00:00:00.00, 293 51 20.8021, -00  1  7.6676,   10.029852608,  -8.88
Saturn,   2079-04-24T00:00:00.00, 296 53  7.8544, -00  9  1.3045,   10.018279718,  -8.88
Saturn,   2079-08-02T00:00:00.00, 299 55 22.2717, -00 16 54.5994,   10.005169914,  -8.88
Saturn,   2079-11-10T00:00:00.00, 302 58  7.2753, -00 24 46.3406,    9.990522892,  -8.88
Saturn,   2080-02-18T00:00:00.00, 306  1 26.2910, -00 32 35.3216,    9.974383765,  -8.88
Saturn,   2080-05-28T00:00:00.00, 309  5 23.1744, -00 40 20.3011,    9.956776558,  -8.88
Saturn,   2080-09-05T00:00:00.00, 312 10  1.3522, -00 48  0.0265,    9.937743544,  -8.88
Saturn,   2080-12-14T00:00:00.00, 315 15 24.3625, -00 55 33.2293,    9.917330407,  -8.88
Saturn,   2081-03-24T00:00:00.00, 318 21 35.2284, -01  2 58.6016,    9.895610671,  -8.88
Saturn,   2081-07-02T00:00:00.00, 321 28 37.5918, -01 10 14.8368,    9.872662654,  -8.88
Saturn,   2081-10-10T00:00:00.00, 324 36 34.2597, -01 17 20.5893,    9.848544651,  -8.88
Saturn,   2082-01-18T00:00:00.00, 327 45 27.9526, -01 24 14.5146,    9.823351510,  -8.88
Saturn,   2082-04-28T00:00:00.00, 330 55 21.3830, -01 30 55.2273,    9.797163960,  -8.88
Saturn,   2082-08-06T00:00:00.00, 334  6 17.1344, -01 37 21.3497,    9.770077417,  -8.88
Saturn,   2082-11-14T00:00:00.00, 337 18 17.6891, -01 43 31.4910,    9.742162746,  -8.88
Saturn,   2083-02-22T00:00:00.00, 340 31 24.7913, -01 49 24.2505,    9.713519751,  -8.88
Saturn,   2083-06-02T00:00:00.00, 343 45 40.8872, -01 54 58.2267,    9.684251455,  -8.88
Saturn,   2083-09-10T00:00:00.00, 347  1  7.7790, -02  0 12.0261,    9.654441168,  -8.88
Saturn,   2083-12-19T00:00:00.00, 350 17 47.2271, -02  5  4.2785,    9.624189758,  -8.88
Saturn,   2084-03-28T00:00:00.00, 353 35 40.5414, -02  9 33.6096,    9.593591292,  -8.88
Saturn,   2084-07-06T00:00:00.00, 356 54 49.1943, -02 13 38.6843,    9.562765915,  -8.88
Saturn,   2084-10-14T00:00:00.00,   0 15 14.5393, -02 17 18.2012,    9.531796429,  -8.88
Saturn,   2085-01-22T00:00:00.00,   3 36 57.0292, -02 20 30.9126,    9.500791208,  -8.88
Saturn,   2085-05-02T00:00:00.00,   6 59 57.4903, -02 23 15.6003,    9.469862456,  -8.88
Saturn,   2085-08-10T00:00:00.00,  10 24 16.2075, -02 25 31.1265,    9.439117643,  -8.88
Saturn,   2085-11-18T00:00:00.00,  13 49 53.5467, -02 27 16.4315,    9.408662300,  -8.88
Saturn,   2086-02-26T00:00:00.00,  17 16 48.9201, -02 28 30.5400,    9.378592811,  -8.88
Saturn,   2086-06-06T00:00:00.00,  20 45  1.8693, -02 29 12.5647,    9.349040533,  -8.88
Saturn,   2086-09-14T00:00:00.00,  24 14 31.8261, -02 29 21.7350,    9.320099370,  -8.88
Saturn,   2086-12-23T00:00:00.00,  27 45 17.4084, -02 28 57.4232,    9.291878588,  -8.88
Saturn,   2087-04-02T00:00:00.00,  31 17 17.1472, -02 27 59.1083,    9.264480829,  -8.88
Saturn,   2087-07-11T00:00:00.00,  34 50 28.9846, -02 26 26.4321,    9.238023002,  -8.88
Saturn,   2087-10-19T00:00:00.00,  38 24 51.2141, -02 24 19.1839,    9.212608107,  -8.88
Saturn,   2088-01-27T00:00:00.00,  42  0 20.9709, -02 21 37.3494,    9.188320921,  -8.88
Saturn,   2088-05-06T00:00:00.00,  45 36 55.3500, -02 18 21.0600,    9.165277164,  -8.88
Saturn,   2088-08-14T00:00:00.00,  49 14 31.2707, -02 14 30.6451,    9.143565515,  -8.88
Saturn,   2088-11-22T00:00:00.00,  52 53  5.2558, -02 10  6.6383,    9.123282554,  -8.88
Saturn,   2089-03-02T00:00:00.00,  56 32 33.4976, -02  5  9.7591,    9.104498548,  -8.88
Saturn,   2089-06-10T00:00:00.00,  60 12 51.4611, -01 59 40.9367,    9.087308630,  -8.88
Saturn,   2089-09-18T00:00:00.00,  63 53 55.2320, -01 53 41.2738,    9.071792863,  -8.88
Saturn,   2089-12-27T00:00:00.00,  67 35 39.9644, -01 47 12.1174,    9.058007020,  -8.88
Saturn,   2090-04-06T00:00:00.00,  71 18  0.7718, -01 40 14.9689,    9.046019636,  -8.88
Saturn,   2090-07-15T00:00:00.00,  75  0 52.3965, -01 32 51.5375,    9.035882868,  -8.88
Saturn,   2090-10-23T00:00:00.00,  78 44  9.7623, -01 25  3.6975,    9.027659023,  -8.88
Saturn,   2091-01-31T00:00:00.00,  82 27 47.6087, -01 16 53.5001,    9.021366299,  -8.88
Saturn,   2091-05-11T00:00:00.00,  86 11 39.9509, -01  8 23.1502,    9.017044422,  -8.88
Saturn,   2091-08-19T00:00:00.00,  89 55 41.4994, -00 59 34.9608,    9.014721909,  -8.88
Saturn,   2091-11-27T00:00:00.00,  93 39 46.5274, -00 50 31.4004,    9.014409307,  -8.88
Saturn,   2092-03-06T00:00:00.00,  97 23 49.6024, -00 41 14.9976,    9.016108171,  -8.88
Saturn,   2092-06-14T00:00:00.00, 101  7 44.7089, -00 31 48.3893,    9.019805757,  -8.88
Saturn,   2092-09-22T00:00:00.00, 104 51 26.4326, -00 22 14.2339,    9.025509256,  -8.88
Saturn,   2092-12-31T00:00:00.00, 108 34 49.5388, -00 12 35.2445,    9.033177628,  -8.88
Saturn,   2093-04-10T00:00:00.00, 112 17 48.3713, -00  2 54.1334,    9.042780947,  -8.88
Saturn,   2093-07-19T00:00:00.00, 116  0 17.7959, +00  6 46.4097,    9.054276897,  -8.88
Saturn,   2093-10-27T00:00:00.00, 119 42 12.6239, +00 16 23.7107,    9.067624312,  -8.88
Saturn,   2094-02-04T00:00:00.00, 123 23 28.4580, +00 25 55.1813,    9.082761110,  -8.88
Saturn,   2094-05-15T00:00:00.00, 127  4  0.2615, +00 35 18.2784,    9.099606284,  -8.88
Saturn,   2094-08-23T00:00:00.00, 130 43 43.6694, +00 44 30.5828,    9.118105774,  -8.88
Saturn,   2094-12-01T00:00:00.00, 134 22 34.7091, +00 53 29.7578,    9.138170027,  -8.88
Saturn,   2095-03-11T00:00:00.00, 138  0 29.5037, +01  2 13.6150,    9.159715922,  -8.88
Saturn,   2095-06-19T00:00:00.00, 141 37 24.4587, +01 10 40.0924,    9.182638346,  -8.88
Saturn,   2095-09-27T00:00:00.00, 145 13 15.9745, +01 18 47.2675,    9.206855068,  -8.88
Saturn,   2096-01-05T00:00:00.00, 148 48  1.5910, +01 26 33.3833,    9.232265656,  -8.88
Saturn,   2096-04-14T00:00:00.00, 152 21 38.3901, +01 33 56.8327,    9.258749388,  -8.88
Saturn,   2096-07-23T00:00:00.00, 155 54  4.0137, +01 40 56.1854,    9.286207095,  -8.88
Saturn,   2096-10-31T00:00:00.00, 159 25 16.3587, +01 47 30.1488,    9.314524028,  -8.88
Saturn,   2097-02-08T00:00:00.00, 162 55 13.9193, +01 53 37.6184,    9.343597647,  -8.88
Saturn,   2097-05-19T00:00:00.00, 166 23 55.3772, +01 59 17.6419,    9.373290678,  -8.88
Saturn,   2097-08-27T00:00:00.00, 169 51 19.2544, +02  4 29.4263,    9.403498573,  -8.88
Saturn,   2097-12-05T00:00:00.00, 173 17 25.1926, +02  9 12.3188,    9.434107376,  -8.88
Saturn,   2098-03-15T00:00:00.00, 176 42 12.6673, +02 13 25.8273,    9.464990898,  -8.88
Saturn,   2098-06-23T00:00:00.00, 180  5 41.6867, +02 17  9.6018,    9.496026802,  -8.88
Saturn,   2098-10-01T00:00:00.00, 183 27 52.1116, +02 20 23.4089,    9.527089907,  -8.88
Saturn,   2099-01-09T00:00:00.00, 186 48 44.6722, +02 23  7.1437,    9.558077979,  -8.88
Saturn,   2099-04-19T00:00:00.00, 190  8 20.3544, +02 25 20.8196,    9.588848594,  -8.88
Saturn,   2099-07-28T00:00:00.00, 193 26 39.9613, +02 27  4.5653,    9.619287872,  -8.88
Saturn,   2099-11-05T00:00:00.00, 196 43 45.1051, +02 28 18.5791,    9.649279108,  -8.88
Saturn,   2100-02-13T00:00:00.00, 199 59 37.4987, +02 29  3.1690,    9.678715567,  -8.88
Saturn,   2100-05-24T00:00:00.00, 203 14 19.5747, +02 29 18.7204,    9.707483826,  -8.88
Saturn,   2100-09-01T00:00:00.00, 206 27 53.2323, +02 29  5.7023,    9.735478683,  -8.88
Saturn,   2100-12-10T00:00:00.00, 209 40 21.1310, +02 28 24.6299,    9.762636283,  -8.88
Saturn,   2101-03-20T00:00:00.00, 212 51 46.0525, +02 27 16.0960,    9.788870685,  -8.88
Saturn,   2101-06-28T00:00:00.00, 216  2 10.5770, +02 25 40.7588,    9.814121843,  -8.88
Saturn,   2101-10-06T00:00:00.00, 219 11 37.3432, +02 23 39.3050,    9.838325134,  -8.88
Saturn,   2102-01-14T00:00:00.00, 222 20  8.8500, +02 21 12.4757,    9.861445568,  -8.88
Saturn,   2102-04-24T00:00:00.00, 225 27 48.2578, +02 18 21.0379,    9.883428949,  -8.88
Saturn,   2102-08-02T00:00:00.00, 228 34 37.9058, +02 15  5.8243,    9.904216619,  -8.88
Saturn,   2102-11-10T00:00:00.00, 231 40 40.5896, +02 11 27.6578,    9.923777183,  -8.88
Saturn,   2103-02-18T00:00:00.00, 234 45 59.0833, +02  7 27.4099,    9.942064141,  -8.88
Saturn,   2103-05-29T00:00:00.00, 237 50 36.4154, +02  3  5.9713,    9.959043418,  -8.88
Saturn,   2103-09-06T00:00:00.00, 240 54 35.4112, +01 58 24.2576,    9.974658158,  -8.88
Saturn,   2103-12-15T00:00:00.00, 243 57 58.7559, +01 53 23.1989,    9.988891523,  -8.88
Saturn,   2104-03-24T00:00:00.00, 247  0 49.9021, +01 48  3.7273,   10.001709921,  -8.88
Saturn,   2104-07-02T00:00:00.00, 250  3 11.7492, +01 42 26.8274,   10.013076281,  -8.88
Saturn,   2104-10-10T00:00:00.00, 253  5  7.5123, +01 36 33.4597,   10.022965819,  -8.88
Saturn,   2105-01-18T00:00:00.00, 256  6 40.1294, +01 30 24.6250,   10.031357333,  -8.88
Saturn,   2105-04-28T00:00:00.00, 259  7 53.1790, +01 24  1.3110,   10.038246090,  -8.88
Saturn,   2105-08-06T00:00:00.00, 262  8 49.9525, +01 17 24.5443,   10.043594743,  -8.88
Saturn,   2105-11-14T00:00:00.00, 265  9 33.5298, +01 10 35.3463,   10.047406072,  -8.88
Saturn,   2106-02-22T00:00:00.00, 268 10  7.5334, +01  3 34.7441,   10.049672695,  -8.88
Saturn,   2106-06-02T00:00:00.00, 271 10 35.3738, +00 56 23.7979,   10.050394241,  -8.88
Saturn,   2106-09-10T00:00:00.00, 274 11  0.7438, +00 49  3.5559,   10.049560480,  -8.88
Saturn,   2106-12-19T00:00:00.00, 277 11 26.7270, +00 41 35.1070,   10.047174109,  -8.88
Saturn,   2107-03-29T00:00:00.00, 280 11 57.1692, +00 33 59.5183,   10.043259424,  -8.88
Saturn,   2107-07-07T00:00:00.00, 283 12 35.6862, +00 26 17.9065,   10.037808589,  -8.88
Saturn,   2107-10-15T00:00:00.00, 286 13 25.7337, +00 18 31.3779,   10.030841406,  -8.88
Saturn,   2108-01-23T00:00:00.00, 289 14 30.8617, +00 10 41.0661,   10.022369227,  -8.88
Saturn,   2108-05-02T00:00:00.00, 292 15 54.6269, +00  2 48.1219,   10.012427726,  -8.88
Saturn,   2108-08-10T00:00:00.00, 295 17 40.9519, -00  5  6.2961,   10.001026280,  -8.88
Saturn,   2108-11-18T00:00:00.00, 298 19 52.9234, -00 13  0.9908,    9.988187652,  -8.88
Saturn,   2109-02-26T00:00:00.00, 301 22 34.2270, -00 20 54.7733,    9.973956659,  -8.88
Saturn,   2109-06-06T00:00:00.00, 304 25 48.3380, -00 28 46.4037,    9.958361249,  -8.88
Saturn,   2109-09-14T00:00:00.00, 307 29 38.8195, -00 36 34.6532,    9.941442800,  -8.88
Saturn,   2109-12-23T00:00:00.00, 310 34  8.8544, -00 44 18.2486,    9.923229822,  -8.88
Saturn,   2110-04-02T00:00:00.00, 313 39 21.6504, -00 51 55.9079,    9.903790926,  -8.88
Saturn,   2110-07-11T00:00:00.00, 316 45 20.8599, -00 59 26.3258,    9.883165951,  -8.88
Saturn,   2110-10-19T00:00:00.00, 319 52  9.3359, -01  6 48.1767,    9.861404575,  -8.88
Saturn,   2111-01-27T00:00:00.00, 322 59 50.2256, -01 14  0.1254,    9.838568858,  -8.88
Saturn,   2111-05-07T00:00:00.00, 326  8 26.3189, -01 21  0.7975,    9.814725616,  -8.88
Saturn,   2111-08-15T00:00:00.00, 329 18  0.8398, -01 27 48.8314,    9.789947336,  -8.88
Saturn,   2111-11-23T00:00:00.00, 332 28 36.3192, -01 34 22.8339,    9.764284957,  -8.88
Saturn,   2112-03-02T00:00:00.00, 335 40 15.1768, -01 40 41.4136,    9.737833288,  -8.88
Saturn,   2112-06-10T00:00:00.00, 338 53  0.1441, -01 46 43.1569,    9.710666654,  -8.88
Saturn,   2112-09-18T00:00:00.00, 342  6 53.4219, -01 52 26.6673,    9.682868724,  -8.88
Saturn,   2112-12-27T00:00:00.00, 345 21 57.2169, -01 57 50.5473,    9.654516500,  -8.88
Saturn,   2113-04-06T00:00:00.00, 348 38 13.0485, -02  2 53.3982,    9.625707441,  -8.88
Saturn,   2113-07-15T00:00:00.00, 351 55 43.0692, -02  7 33.8443,    9.596545543,  -8.88
Saturn,   2113-10-23T00:00:00.00, 355 14 28.6540, -02 11 50.5360,    9.567107652,  -8.88
Saturn,   2114-01-31T00:00:00.00, 358 34 30.9224, -02 15 42.1604,    9.537503461,  -8.88
Saturn,   2114-05-11T00:00:00.00,   1 55 50.8786, -02 19  7.4226,    9.507831075,  -8.88
Saturn,   2114-08-19T00:00:00.00,   5 18 29.3063, -02 22  5.0990,    9.478205287,  -8.88
Saturn,   2114-11-27T00:00:00.00,   8 42 26.8579, -02 24 34.0219,    9.448713476,  -8.88
Saturn,   2115-03-07T00:00:00.00,  12  7 43.1547, -02 26 33.1005,    9.419465760,  -8.88
Saturn,   2115-06-15T00:00:00.00,  15 34 18.3351, -02 28  1.3054,    9.390581433,  -8.88
Saturn,   2115-09-23T00:00:00.00,  19  2 11.8355, -02 28 57.7261,    9.362156995,  -8.88
Saturn,   2116-01-01T00:00:00.00,  22 31 22.8682, -02 29 21.5577,    9.334301450,  -8.88
Saturn,   2116-04-10T00:00:00.00,  26  1 49.9747, -02 29 12.1057,    9.307111732,  -8.88
Saturn,   2116-07-19T00:00:00.00,  29 33 31.6305, -02 28 28.8082,    9.280712527,  -8.88
Saturn,   2116-10-27T00:00:00.00,  33  6 26.2330, -02 27 11.2509,    9.255188182,  -8.88
Saturn,   2117-02-04T00:00:00.00,  36 40 31.0610, -02 25 19.1946,    9.230636196,  -8.88
Saturn,   2117-05-15T00:00:00.00,  40 15 43.5840, -02 22 52.5282,    9.207156880,  -8.88
Saturn,   2117-08-23T00:00:00.00,  43 52  0.6726, -02 19 51.3449,    9.184841475,  -8.88
Saturn,   2117-12-01T00:00:00.00,  47 29 19.3117, -02 16 15.9074,    9.163774131,  -8.88
Saturn,   2118-03-11T00:00:00.00,  51  7 35.5178, -02 12  6.6854,    9.144015117,  -8.88
Saturn,   2118-06-19T00:00:00.00,  54 46 45.2962, -02  7 24.3160,    9.125655856,  -8.88
Saturn,   2118-09-27T00:00:00.00,  58 26 44.8143, -02  2  9.6398,    9.108746999,  -8.88
Saturn,   2119-01-05T00:00:00.00,  62  7 29.5974, -01 56 23.7112,    9.093341399,  -8.88
Saturn,   2119-04-15T00:00:00.00,  65 48 55.3012, -01 50  7.7470,    9.079479059,  -8.88
Saturn,   2119-07-24T00:00:00.00,  69 30 57.1797, -01 43 23.1760,    9.067212487,  -8.88
Saturn,   2119-11-01T00:00:00.00,  73 13 31.2539, -01 36 11.5831,    9.056589947,  -8.88
Saturn,   2120-02-09T00:00:00.00,  76 56 32.7480, -01 28 34.7744,    9.047638699,  -8.88
Saturn,   2120-05-19T00:00:00.00,  80 39 56.8215, -01 20 34.6890,    9.040424017,  -8.88
Saturn,   2120-08-27T00:00:00.00,  84 23 38.6145, -01 12 13.4436,    9.034993625,  -8.88
Saturn,   2120-12-05T00:00:00.00,  88  7 32.9533, -01  3 33.3023,    9.031404467,  -8.88
Saturn,   2121-03-15T00:00:00.00,  91 51 34.5160, -00 54 36.6482,    9.029681533,  -8.88
Saturn,   2121-06-23T00:00:00.00,  95 35 37.1812, -00 45 25.9893,    9.029865170,  -8.88
Saturn,   2121-10-01T00:00:00.00,  99 19 35.6461, -00 36  3.8875,    9.031985170,  -8.88
Saturn,   2122-01-09T00:00:00.00, 103  3 24.0554, -00 26 33.0123,    9.036035761,  -8.88
Saturn,   2122-04-19T00:00:00.00, 106 46 56.6813, -00 16 56.0364,    9.042016247,  -8.88
Saturn,   2122-07-28T00:00:00.00, 110 30  7.6748, -00  7 15.6806,    9.049904215,  -8.88
Saturn,   2122-11-05T00:00:00.00, 114 12 51.6067, +00  2 25.3560,    9.059689378,  -8.88
Saturn,   2123-02-13T00:00:00.00, 117 55  3.3910, +00 12  4.3935,    9.071313798,  -8.88
Saturn,   2123-05-24T00:00:00.00, 121 36 37.3823, +00 21 38.7944,    9.084730995,  -8.88
Saturn,   2123-09-01T00:00:00.00, 125 17 28.8650, +00 31  6.0055,    9.099890612,  -8.88
Saturn,   2123-12-10T00:00:00.00, 128 57 33.0745, +00 40 23.5333,    9.116724429,  -8.88
Saturn,   2124-03-19T00:00:00.00, 132 36 45.8783, +00 49 29.0217,    9.135156870,  -8.88
Saturn,   2124-06-27T00:00:00.00, 136 15  2.8201, +00 58 20.2023,    9.155093138,  -8.88
Saturn,   2124-10-05T00:00:00.00, 139 52 20.1218, +01  6 54.9588,    9.176467692,  -8.88
Saturn,   2125-01-13T00:00:00.00, 143 28 34.6360, +01 15 11.3029,    9.199173660,  -8.88
Saturn,   2125-04-23T00:00:00.00, 147  3 42.9850, +01 23  7.4107,    9.223112401,  -8.88
Saturn,   2125-08-01T00:00:00.00, 150 37 42.4443, +01 30 41.6099,    9.248179385,  -8.88
Saturn,   2125-11-09T00:00:00.00, 154 10 30.3539, +01 37 52.3769,    9.274278023,  -8.88
Saturn,   2126-02-17T00:00:00.00, 157 42  5.0973, +01 44 38.3712,    9.301302164,  -8.88
Saturn,   2126-05-28T00:00:00.00, 161 12 24.6305, +01 50 58.4030,    9.329123424,  -8.88
Saturn,   2126-09-05T00:00:00.00, 164 41 27.4762, +01 56 51.4520,    9.357649046,  -8.88
Saturn,   2126-12-14T00:00:00.00, 168  9 12.7282, +02  2 16.6376,    9.386761725,  -8.88
Saturn,   2127-03-24T00:00:00.00, 171 35 39.6714, +02  7 13.2584,    9.416355320,  -8.88
Saturn,   2127-07-02T00:00:00.00, 175  0 47.9504, +02 11 40.7496,    9.446304867,  -8.88
Saturn,   2127-10-10T00:00:00.00, 178 24 37.0700, +02 15 38.6857,    9.476513097,  -8.88
Saturn,   2128-01-18T00:00:00.00, 181 47  7.7105, +02 19  6.7710,    9.506879290,  -8.88
Saturn,   2128-04-27T00:00:00.00, 185  8 20.2157, +02 22  4.8527,    9.537281941,  -8.88
Saturn,   2128-08-05T00:00:00.00, 188 28 15.3256, +02 24 32.8917,    9.567624980,  -8.88
Saturn,   2128-11-13T00:00:00.00, 191 46 53.9566, +02 26 30.9454,    9.597803596,  -8.88
Saturn,   2129-02-21T00:00:00.00, 195  4 17.5424, +02 27 59.1877,    9.627734153,  -8.88
Saturn,   2129-06-01T00:00:00.00, 198 20 27.7565, +02 28 57.8857,    9.657299973,  -8.88
Saturn,   2129-09-09T00:00:00.00, 201 35 25.8732, +02 29 27.3986,    9.686416576,  -8.88
Saturn,   2129-12-18T00:00:00.00, 204 49 14.1219, +02 29 28.1369,    9.715001701,  -8.88
Saturn,   2130-03-28T00:00:00.00, 208  1 54.5426, +02 29  0.6122,    9.742964022,  -8.88
Saturn,   2130-07-06T00:00:00.00, 211 13 29.5685, +02 28  5.3896,    9.770218034,  -8.88
Saturn,   2130-10-14T00:00:00.00, 214 24  1.2753, +02 26 43.0934,    9.796675942,  -8.88
Saturn,   2131-01-22T00:00:00.00, 217 33 32.3429, +02 24 54.3876,    9.822282529,  -8.88
Saturn,   2131-05-02T00:00:00.00, 220 42  5.6703, +02 22 39.9945,    9.846945998,  -8.88
Saturn,   2131-08-10T00:00:00.00, 223 49 43.7118, +02 20  0.6876,    9.870599897,  -8.88
Saturn,   2131-11-18T00:00:00.00, 226 56 29.4212, +02 16 57.2451,    9.893178795,  -8.88
Saturn,   2132-02-26T00:00:00.00, 230  2 25.6207, +02 13 30.5027,    9.914628809,  -8.88
Saturn,   2132-06-05T00:00:00.00, 233  7 35.7064, +02  9 41.3077,    9.934886858,  -8.88
Saturn,   2132-09-13T00:00:00.00, 236 12  2.3500, +02  5 30.5578,    9.953885620,  -8.88
Saturn,   2132-12-22T00:00:00.00, 239 15 48.7251, +02  0 59.1368,    9.971595327,  -8.88
Saturn,   2133-04-01T00:00:00.00, 242 18 58.1685, +01 56  7.9702,    9.987959778,  -8.88
Saturn,   2133-07-10T00:00:00.00, 245 21 33.8511, +01 50 58.0030,   10.002940070,  -8.88