# Miriade.ephemcc.results
# Request:
# targetType: Planet, targetNumber: 3, targetName: Earth, Diameter: 12756.27 km, Orbital period: 3.65256000E+02 d, Time_Scale: UTC, Planetary_Theory: INPOP13C, Coordinates: Ecliptic, frameType: Astrometric J2000, frameCentre: Heliocenter
# Nb rows: 1000
Target, Date, Longitude ("d:m:s"), Latitude ("d:m:s"), Distance (au), H
Earth,   2024-04-11T00:00:00.00, 201 15 52.6143, +00  0  4.9698,    1.002140799,  -3.86
Earth,   2024-04-12T00:00:00.00, 202 14 45.5309, +00  0  5.0382,    1.002420657,  -3.86
Earth,   2024-04-13T00:00:00.00, 203 13 36.2347, +00  0  5.1307,    1.002698672,  -3.86
Earth,   2024-04-14T00:00:00.00, 204 12 24.6986, +00  0  5.2506,    1.002975045,  -3.86
Earth,   2024-04-15T00:00:00.00, 205 11 10.9113, +00  0  5.3992,    1.003249984,  -3.86
Earth,   2024-04-16T00:00:00.00, 206  9 54.8753, +00  0  5.5762,    1.003523692,  -3.86
Earth,   2024-04-17T00:00:00.00, 207  8 36.6043, +00  0  5.7802,    1.003796351,  -3.86
Earth,   2024-04-18T00:00:00.00, 208  7 16.1212, +00  0  6.0084,    1.004068125,  -3.86
Earth,   2024-04-19T00:00:00.00, 209  5 53.4567, +00  0  6.2573,    1.004339155,  -3.86
Earth,   2024-04-20T00:00:00.00, 210  4 28.6483, +00  0  6.5227,    1.004609558,  -3.86
Earth,   2024-04-21T00:00:00.00, 211  3  1.7398, +00  0  6.7997,    1.004879428,  -3.86
Earth,   2024-04-22T00:00:00.00, 212  1 32.7811, +00  0  7.0829,    1.005148834,  -3.86
Earth,   2024-04-23T00:00:00.00, 213  0  1.8276, +00  0  7.3665,    1.005417814,  -3.86
Earth,   2024-04-24T00:00:00.00, 213 58 28.9395, +00  0  7.6446,    1.005686371,  -3.86
Earth,   2024-04-25T00:00:00.00, 214 56 54.1813, +00  0  7.9111,    1.005954470,  -3.86
Earth,   2024-04-26T00:00:00.00, 215 55 17.6200, +00  0  8.1602,    1.006222029,  -3.86
Earth,   2024-04-27T00:00:00.00, 216 53 39.3237, +00  0  8.3864,    1.006488918,  -3.86
Earth,   2024-04-28T00:00:00.00, 217 51 59.3596, +00  0  8.5852,    1.006754951,  -3.86
Earth,   2024-04-29T00:00:00.00, 218 50 17.7915, +00  0  8.7530,    1.007019895,  -3.86
Earth,   2024-04-30T00:00:00.00, 219 48 34.6772, +00  0  8.8874,    1.007283458,  -3.86
Earth,   2024-05-01T00:00:00.00, 220 46 50.0663, +00  0  8.9878,    1.007545305,  -3.86
Earth,   2024-05-02T00:00:00.00, 221 45  3.9966, +00  0  9.0552,    1.007805057,  -3.86
Earth,   2024-05-03T00:00:00.00, 222 43 16.4920, +00  0  9.0926,    1.008062307,  -3.86
Earth,   2024-05-04T00:00:00.00, 223 41 27.5595, +00  0  9.1048,    1.008316638,  -3.86
Earth,   2024-05-05T00:00:00.00, 224 39 37.1883, +00  0  9.0985,    1.008567642,  -3.86
Earth,   2024-05-06T00:00:00.00, 225 37 45.3493, +00  0  9.0816,    1.008814953,  -3.86
Earth,   2024-05-07T00:00:00.00, 226 35 51.9985, +00  0  9.0631,    1.009058276,  -3.86
Earth,   2024-05-08T00:00:00.00, 227 33 57.0817, +00  0  9.0514,    1.009297406,  -3.86
Earth,   2024-05-09T00:00:00.00, 228 32  0.5413, +00  0  9.0542,    1.009532244,  -3.86
Earth,   2024-05-10T00:00:00.00, 229 30  2.3235, +00  0  9.0779,    1.009762789,  -3.86
Earth,   2024-05-11T00:00:00.00, 230 28  2.3839, +00  0  9.1265,    1.009989126,  -3.86
Earth,   2024-05-12T00:00:00.00, 231 26  0.6911, +00  0  9.2024,    1.010211398,  -3.86
Earth,   2024-05-13T00:00:00.00, 232 23 57.2275, +00  0  9.3058,    1.010429784,  -3.86
Earth,   2024-05-14T00:00:00.00, 233 21 51.9891, +00  0  9.4355,    1.010644482,  -3.86
Earth,   2024-05-15T00:00:00.00, 234 19 44.9839, +00  0  9.5891,    1.010855688,  -3.86
Earth,   2024-05-16T00:00:00.00, 235 17 36.2299, +00  0  9.7633,    1.011063598,  -3.86
Earth,   2024-05-17T00:00:00.00, 236 15 25.7545, +00  0  9.9539,    1.011268393,  -3.86
Earth,   2024-05-18T00:00:00.00, 237 13 13.5924, +00  0 10.1562,    1.011470246,  -3.86
Earth,   2024-05-19T00:00:00.00, 238 10 59.7863, +00  0 10.3649,    1.011669316,  -3.86
Earth,   2024-05-20T00:00:00.00, 239  8 44.3856, +00  0 10.5746,    1.011865747,  -3.86
Earth,   2024-05-21T00:00:00.00, 240  6 27.4475, +00  0 10.7795,    1.012059665,  -3.86
Earth,   2024-05-22T00:00:00.00, 241  4  9.0365, +00  0 10.9736,    1.012251174,  -3.86
Earth,   2024-05-23T00:00:00.00, 242  1 49.2243, +00  0 11.1512,    1.012440345,  -3.86
Earth,   2024-05-24T00:00:00.00, 242 59 28.0892, +00  0 11.3067,    1.012627208,  -3.86
Earth,   2024-05-25T00:00:00.00, 243 57  5.7144, +00  0 11.4354,    1.012811745,  -3.86
Earth,   2024-05-26T00:00:00.00, 244 54 42.1859, +00  0 11.5335,    1.012993876,  -3.86
Earth,   2024-05-27T00:00:00.00, 245 52 17.5895, +00  0 11.5985,    1.013173460,  -3.86
Earth,   2024-05-28T00:00:00.00, 246 49 52.0075, +00  0 11.6297,    1.013350288,  -3.86
Earth,   2024-05-29T00:00:00.00, 247 47 25.5149, +00  0 11.6280,    1.013524088,  -3.86
Earth,   2024-05-30T00:00:00.00, 248 44 58.1761, +00  0 11.5961,    1.013694538,  -3.86
Earth,   2024-05-31T00:00:00.00, 249 42 30.0416, +00  0 11.5387,    1.013861271,  -3.86
Earth,   2024-06-01T00:00:00.00, 250 40  1.1462, +00  0 11.4617,    1.014023898,  -3.86
Earth,   2024-06-02T00:00:00.00, 251 37 31.5071, +00  0 11.3726,    1.014182027,  -3.86
Earth,   2024-06-03T00:00:00.00, 252 35  1.1238, +00  0 11.2794,    1.014335288,  -3.86
Earth,   2024-06-04T00:00:00.00, 253 32 29.9799, +00  0 11.1900,    1.014483356,  -3.86
Earth,   2024-06-05T00:00:00.00, 254 29 58.0457, +00  0 11.1120,    1.014625973,  -3.86
Earth,   2024-06-06T00:00:00.00, 255 27 25.2832, +00  0 11.0519,    1.014762961,  -3.86
Earth,   2024-06-07T00:00:00.00, 256 24 51.6512, +00  0 11.0142,    1.014894234,  -3.86
Earth,   2024-06-08T00:00:00.00, 257 22 17.1110, +00  0 11.0021,    1.015019789,  -3.86
Earth,   2024-06-09T00:00:00.00, 258 19 41.6302, +00  0 11.0164,    1.015139696,  -3.86
Earth,   2024-06-10T00:00:00.00, 259 17  5.1860, +00  0 11.0565,    1.015254081,  -3.86
Earth,   2024-06-11T00:00:00.00, 260 14 27.7662, +00  0 11.1204,    1.015363111,  -3.86
Earth,   2024-06-12T00:00:00.00, 261 11 49.3693, +00  0 11.2048,    1.015466974,  -3.86
Earth,   2024-06-13T00:00:00.00, 262  9 10.0035, +00  0 11.3057,    1.015565871,  -3.86
Earth,   2024-06-14T00:00:00.00, 263  6 29.6863, +00  0 11.4186,    1.015660011,  -3.86
Earth,   2024-06-15T00:00:00.00, 264  3 48.4434, +00  0 11.5382,    1.015749603,  -3.86
Earth,   2024-06-16T00:00:00.00, 265  1  6.3080, +00  0 11.6594,    1.015834856,  -3.86
Earth,   2024-06-17T00:00:00.00, 265 58 23.3213, +00  0 11.7764,    1.015915977,  -3.86
Earth,   2024-06-18T00:00:00.00, 266 55 39.5324, +00  0 11.8835,    1.015993169,  -3.86
Earth,   2024-06-19T00:00:00.00, 267 52 54.9994, +00  0 11.9752,    1.016066628,  -3.86
Earth,   2024-06-20T00:00:00.00, 268 50  9.7895, +00  0 12.0459,    1.016136531,  -3.86
Earth,   2024-06-21T00:00:00.00, 269 47 23.9797, +00  0 12.0908,    1.016203030,  -3.86
Earth,   2024-06-22T00:00:00.00, 270 44 37.6565, +00  0 12.1059,    1.016266234,  -3.86
Earth,   2024-06-23T00:00:00.00, 271 41 50.9137, +00  0 12.0883,    1.016326197,  -3.86
Earth,   2024-06-24T00:00:00.00, 272 39  3.8498, +00  0 12.0370,    1.016382901,  -3.86
Earth,   2024-06-25T00:00:00.00, 273 36 16.5637, +00  0 11.9526,    1.016436252,  -3.86
Earth,   2024-06-26T00:00:00.00, 274 33 29.1501, +00  0 11.8379,    1.016486073,  -3.86
Earth,   2024-06-27T00:00:00.00, 275 30 41.6942, +00  0 11.6974,    1.016532116,  -3.86
Earth,   2024-06-28T00:00:00.00, 276 27 54.2677, +00  0 11.5373,    1.016574074,  -3.86
Earth,   2024-06-29T00:00:00.00, 277 25  6.9264, +00  0 11.3649,    1.016611603,  -3.86
Earth,   2024-06-30T00:00:00.00, 278 22 19.7081, +00  0 11.1878,    1.016644344,  -3.86
Earth,   2024-07-01T00:00:00.00, 279 19 32.6334, +00  0 11.0139,    1.016671948,  -3.86
Earth,   2024-07-02T00:00:00.00, 280 16 45.7063, +00  0 10.8505,    1.016694092,  -3.86
Earth,   2024-07-03T00:00:00.00, 281 13 58.9169, +00  0 10.7036,    1.016710503,  -3.86
Earth,   2024-07-04T00:00:00.00, 282 11 12.2447, +00  0 10.5782,    1.016720969,  -3.86
Earth,   2024-07-05T00:00:00.00, 283  8 25.6621, +00  0 10.4773,    1.016725350,  -3.86
Earth,   2024-07-06T00:00:00.00, 284  5 39.1388, +00  0 10.4025,    1.016723577,  -3.86
Earth,   2024-07-07T00:00:00.00, 285  2 52.6452, +00  0 10.3534,    1.016715654,  -3.86
Earth,   2024-07-08T00:00:00.00, 286  0  6.1559, +00  0 10.3284,    1.016701643,  -3.86
Earth,   2024-07-09T00:00:00.00, 286 57 19.6514, +00  0 10.3246,    1.016681661,  -3.86
Earth,   2024-07-10T00:00:00.00, 287 54 33.1200, +00  0 10.3380,    1.016655864,  -3.86
Earth,   2024-07-11T00:00:00.00, 288 51 46.5575, +00  0 10.3640,    1.016624436,  -3.86
Earth,   2024-07-12T00:00:00.00, 289 48 59.9677, +00  0 10.3976,    1.016587585,  -3.86
Earth,   2024-07-13T00:00:00.00, 290 46 13.3618, +00  0 10.4335,    1.016545532,  -3.86
Earth,   2024-07-14T00:00:00.00, 291 43 26.7581, +00  0 10.4661,    1.016498512,  -3.86
Earth,   2024-07-15T00:00:00.00, 292 40 40.1824, +00  0 10.4900,    1.016446772,  -3.86
Earth,   2024-07-16T00:00:00.00, 293 37 53.6680, +00  0 10.4995,    1.016390567,  -3.86
Earth,   2024-07-17T00:00:00.00, 294 35  7.2572, +00  0 10.4894,    1.016330159,  -3.86
Earth,   2024-07-18T00:00:00.00, 295 32 21.0018, +00  0 10.4548,    1.016265812,  -3.86
Earth,   2024-07-19T00:00:00.00, 296 29 34.9652, +00  0 10.3914,    1.016197783,  -3.86
Earth,   2024-07-20T00:00:00.00, 297 26 49.2230, +00  0 10.2962,    1.016126308,  -3.86
Earth,   2024-07-21T00:00:00.00, 298 24  3.8631, +00  0 10.1674,    1.016051579,  -3.86
Earth,   2024-07-22T00:00:00.00, 299 21 18.9838, +00  0 10.0052,    1.015973728,  -3.86
Earth,   2024-07-23T00:00:00.00, 300 18 34.6897, +00  0  9.8120,    1.015892801,  -3.86
Earth,   2024-07-24T00:00:00.00, 301 15 51.0867, +00  0  9.5922,    1.015808752,  -3.86
Earth,   2024-07-25T00:00:00.00, 302 13  8.2748, +00  0  9.3521,    1.015721439,  -3.86
Earth,   2024-07-26T00:00:00.00, 303 10 26.3423, +00  0  9.0993,    1.015630636,  -3.86
Earth,   2024-07-27T00:00:00.00, 304  7 45.3615, +00  0  8.8420,    1.015536060,  -3.86
Earth,   2024-07-28T00:00:00.00, 305  5  5.3861, +00  0  8.5883,    1.015437395,  -3.86
Earth,   2024-07-29T00:00:00.00, 306  2 26.4515, +00  0  8.3456,    1.015334322,  -3.86
Earth,   2024-07-30T00:00:00.00, 306 59 48.5759, +00  0  8.1202,    1.015226535,  -3.86
Earth,   2024-07-31T00:00:00.00, 307 57 11.7630, +00  0  7.9168,    1.015113766,  -3.86
Earth,   2024-08-01T00:00:00.00, 308 54 36.0046, +00  0  7.7387,    1.014995793,  -3.86
Earth,   2024-08-02T00:00:00.00, 309 52  1.2834, +00  0  7.5874,    1.014872448,  -3.86
Earth,   2024-08-03T00:00:00.00, 310 49 27.5766, +00  0  7.4629,    1.014743624,  -3.86
Earth,   2024-08-04T00:00:00.00, 311 46 54.8579, +00  0  7.3637,    1.014609270,  -3.86
Earth,   2024-08-05T00:00:00.00, 312 44 23.1008, +00  0  7.2872,    1.014469396,  -3.86
Earth,   2024-08-06T00:00:00.00, 313 41 52.2804, +00  0  7.2294,    1.014324062,  -3.86
Earth,   2024-08-07T00:00:00.00, 314 39 22.3749, +00  0  7.1860,    1.014173377,  -3.86
Earth,   2024-08-08T00:00:00.00, 315 36 53.3673, +00  0  7.1518,    1.014017489,  -3.86
Earth,   2024-08-09T00:00:00.00, 316 34 25.2459, +00  0  7.1214,    1.013856579,  -3.86
Earth,   2024-08-10T00:00:00.00, 317 31 58.0045, +00  0  7.0893,    1.013690857,  -3.86
Earth,   2024-08-11T00:00:00.00, 318 29 31.6426, +00  0  7.0499,    1.013520556,  -3.86
Earth,   2024-08-12T00:00:00.00, 319 27  6.1660, +00  0  6.9976,    1.013345933,  -3.86
Earth,   2024-08-13T00:00:00.00, 320 24 41.5868, +00  0  6.9274,    1.013167264,  -3.86
Earth,   2024-08-14T00:00:00.00, 321 22 17.9247, +00  0  6.8343,    1.012984846,  -3.86
Earth,   2024-08-15T00:00:00.00, 322 19 55.2083, +00  0  6.7141,    1.012798994,  -3.86
Earth,   2024-08-16T00:00:00.00, 323 17 33.4771, +00  0  6.5633,    1.012610035,  -3.86
Earth,   2024-08-17T00:00:00.00, 324 15 12.7834, +00  0  6.3797,    1.012418299,  -3.86
Earth,   2024-08-18T00:00:00.00, 325 12 53.1944, +00  0  6.1629,    1.012224099,  -3.86
Earth,   2024-08-19T00:00:00.00, 326 10 34.7922, +00  0  5.9143,    1.012027707,  -3.86
Earth,   2024-08-20T00:00:00.00, 327  8 17.6722, +00  0  5.6376,    1.011829329,  -3.86
Earth,   2024-08-21T00:00:00.00, 328  6  1.9384, +00  0  5.3389,    1.011629072,  -3.86
Earth,   2024-08-22T00:00:00.00, 329  3 47.6958, +00  0  5.0259,    1.011426935,  -3.86
Earth,   2024-08-23T00:00:00.00, 330  1 35.0428, +00  0  4.7074,    1.011222811,  -3.86
Earth,   2024-08-24T00:00:00.00, 330 59 24.0640, +00  0  4.3923,    1.011016501,  -3.86
Earth,   2024-08-25T00:00:00.00, 331 57 14.8257, +00  0  4.0890,    1.010807750,  -3.86
Earth,   2024-08-26T00:00:00.00, 332 55  7.3747, +00  0  3.8043,    1.010596276,  -3.86
Earth,   2024-08-27T00:00:00.00, 333 53  1.7392, +00  0  3.5433,    1.010381796,  -3.86
Earth,   2024-08-28T00:00:00.00, 334 50 57.9313, +00  0  3.3096,    1.010164053,  -3.86
Earth,   2024-08-29T00:00:00.00, 335 48 55.9500, +00  0  3.1048,    1.009942822,  -3.86
Earth,   2024-08-30T00:00:00.00, 336 46 55.7837, +00  0  2.9289,    1.009717923,  -3.86
Earth,   2024-08-31T00:00:00.00, 337 44 57.4134, +00  0  2.7805,    1.009489221,  -3.86
Earth,   2024-09-01T00:00:00.00, 338 43  0.8140, +00  0  2.6571,    1.009256631,  -3.86
Earth,   2024-09-02T00:00:00.00, 339 41  5.9571, +00  0  2.5551,    1.009020114,  -3.86
Earth,   2024-09-03T00:00:00.00, 340 39 12.8121, +00  0  2.4698,    1.008779680,  -3.86
Earth,   2024-09-04T00:00:00.00, 341 37 21.3480, +00  0  2.3963,    1.008535383,  -3.86
Earth,   2024-09-05T00:00:00.00, 342 35 31.5347, +00  0  2.3292,    1.008287320,  -3.86
Earth,   2024-09-06T00:00:00.00, 343 33 43.3438, +00  0  2.2627,    1.008035628,  -3.86
Earth,   2024-09-07T00:00:00.00, 344 31 56.7503, +00  0  2.1912,    1.007780480,  -3.86
Earth,   2024-09-08T00:00:00.00, 345 30 11.7322, +00  0  2.1092,    1.007522083,  -3.86
Earth,   2024-09-09T00:00:00.00, 346 28 28.2722, +00  0  2.0112,    1.007260674,  -3.86
Earth,   2024-09-10T00:00:00.00, 347 26 46.3576, +00  0  1.8926,    1.006996521,  -3.86
Earth,   2024-09-11T00:00:00.00, 348 25  5.9815, +00  0  1.7490,    1.006729923,  -3.86
Earth,   2024-09-12T00:00:00.00, 349 23 27.1441, +00  0  1.5770,    1.006461205,  -3.86
Earth,   2024-09-13T00:00:00.00, 350 21 49.8547, +00  0  1.3740,    1.006190721,  -3.86
Earth,   2024-09-14T00:00:00.00, 351 20 14.1341, +00  0  1.1389,    1.005918848,  -3.86
Earth,   2024-09-15T00:00:00.00, 352 18 40.0174, +00  0  0.8723,    1.005645970,  -3.86
Earth,   2024-09-16T00:00:00.00, 353 17  7.5563, +00  0  0.5770,    1.005372464,  -3.86
Earth,   2024-09-17T00:00:00.00, 354 15 36.8199, +00  0  0.2577,    1.005098664,  -3.86
Earth,   2024-09-18T00:00:00.00, 355 14  7.8927, -00  0  0.0783,    1.004824834,  -3.86
Earth,   2024-09-19T00:00:00.00, 356 12 40.8695, -00  0  0.4224,    1.004551134,  -3.86
Earth,   2024-09-20T00:00:00.00, 357 11 15.8466, -00  0  0.7649,    1.004277604,  -3.86
Earth,   2024-09-21T00:00:00.00, 358  9 52.9134, -00  0  1.0965,    1.004004170,  -3.86
Earth,   2024-09-22T00:00:00.00, 359  8 32.1443, -00  0  1.4091,    1.003730666,  -3.86
Earth,   2024-09-23T00:00:00.00,   0  7 13.5951, -00  0  1.6964,    1.003456866,  -3.86
Earth,   2024-09-24T00:00:00.00,   1  5 57.3017, -00  0  1.9543,    1.003182521,  -3.86
Earth,   2024-09-25T00:00:00.00,   2  4 43.2821, -00  0  2.1807,    1.002907386,  -3.86
Earth,   2024-09-26T00:00:00.00,   3  3 31.5391, -00  0  2.3754,    1.002631236,  -3.86
Earth,   2024-09-27T00:00:00.00,   4  2 22.0633, -00  0  2.5396,    1.002353878,  -3.86
Earth,   2024-09-28T00:00:00.00,   5  1 14.8357, -00  0  2.6759,    1.002075155,  -3.86
Earth,   2024-09-29T00:00:00.00,   6  0  9.8298, -00  0  2.7881,    1.001794948,  -3.86
Earth,   2024-09-30T00:00:00.00,   6 59  7.0132, -00  0  2.8804,    1.001513176,  -3.86
Earth,   2024-10-01T00:00:00.00,   7 58  6.3489, -00  0  2.9578,    1.001229796,  -3.86
Earth,   2024-10-02T00:00:00.00,   8 57  7.7962, -00  0  3.0259,    1.000944805,  -3.86
Earth,   2024-10-03T00:00:00.00,   9 56 11.3122, -00  0  3.0902,    1.000658237,  -3.86
Earth,   2024-10-04T00:00:00.00,  10 55 16.8521, -00  0  3.1566,    1.000370165,  -3.86
Earth,   2024-10-05T00:00:00.00,  11 54 24.3710, -00  0  3.2308,    1.000080704,  -3.86
Earth,   2024-10-06T00:00:00.00,  12 53 33.8247, -00  0  3.3180,    0.999790005,  -3.86
Earth,   2024-10-07T00:00:00.00,  13 52 45.1706, -00  0  3.4233,    0.999498260,  -3.86
Earth,   2024-10-08T00:00:00.00,  14 51 58.3689, -00  0  3.5510,    0.999205695,  -3.86
Earth,   2024-10-09T00:00:00.00,  15 51 13.3836, -00  0  3.7046,    0.998912579,  -3.86
Earth,   2024-10-10T00:00:00.00,  16 50 30.1841, -00  0  3.8866,    0.998619212,  -3.86
Earth,   2024-10-11T00:00:00.00,  17 49 48.7469, -00  0  4.0983,    0.998325937,  -3.86
Earth,   2024-10-12T00:00:00.00,  18 49  9.0576, -00  0  4.3398,    0.998033125,  -3.86
Earth,   2024-10-13T00:00:00.00,  19 48 31.1144, -00  0  4.6090,    0.997741179,  -3.86
Earth,   2024-10-14T00:00:00.00,  20 47 54.9303, -00  0  4.9022,    0.997450514,  -3.86
Earth,   2024-10-15T00:00:00.00,  21 47 20.5366, -00  0  5.2136,    0.997161539,  -3.86
Earth,   2024-10-16T00:00:00.00,  22 46 47.9831, -00  0  5.5355,    0.996874623,  -3.86
Earth,   2024-10-17T00:00:00.00,  23 46 17.3363, -00  0  5.8587,    0.996590064,  -3.86
Earth,   2024-10-18T00:00:00.00,  24 45 48.6739, -00  0  6.1735,    0.996308052,  -3.86
Earth,   2024-10-19T00:00:00.00,  25 45 22.0759, -00  0  6.4709,    0.996028660,  -3.86
Earth,   2024-10-20T00:00:00.00,  26 44 57.6159, -00  0  6.7433,    0.995751847,  -3.86
Earth,   2024-10-21T00:00:00.00,  27 44 35.3538, -00  0  6.9851,    0.995477476,  -3.86
Earth,   2024-10-22T00:00:00.00,  28 44 15.3312, -00  0  7.1934,    0.995205354,  -3.86
Earth,   2024-10-23T00:00:00.00,  29 43 57.5717, -00  0  7.3673,    0.994935261,  -3.86
Earth,   2024-10-24T00:00:00.00,  30 43 42.0813, -00  0  7.5079,    0.994666974,  -3.86
Earth,   2024-10-25T00:00:00.00,  31 43 28.8522, -00  0  7.6177,    0.994400287,  -3.86
Earth,   2024-10-26T00:00:00.00,  32 43 17.8648, -00  0  7.7003,    0.994135017,  -3.86
Earth,   2024-10-27T00:00:00.00,  33 43  9.0901, -00  0  7.7603,    0.993871008,  -3.86
Earth,   2024-10-28T00:00:00.00,  34 43  2.4917, -00  0  7.8026,    0.993608133,  -3.86
Earth,   2024-10-29T00:00:00.00,  35 42 58.0263, -00  0  7.8326,    0.993346292,  -3.86
Earth,   2024-10-30T00:00:00.00,  36 42 55.6452, -00  0  7.8559,    0.993085415,  -3.86
Earth,   2024-10-31T00:00:00.00,  37 42 55.2943, -00  0  7.8785,    0.992825463,  -3.86
Earth,   2024-11-01T00:00:00.00,  38 42 56.9151, -00  0  7.9058,    0.992566427,  -3.86
Earth,   2024-11-02T00:00:00.00,  39 43  0.4452, -00  0  7.9435,    0.992308336,  -3.86
Earth,   2024-11-03T00:00:00.00,  40 43  5.8197, -00  0  7.9965,    0.992051260,  -3.86
Earth,   2024-11-04T00:00:00.00,  41 43 12.9721, -00  0  8.0693,    0.991795307,  -3.86
Earth,   2024-11-05T00:00:00.00,  42 43 21.8359, -00  0  8.1656,    0.991540631,  -3.86
Earth,   2024-11-06T00:00:00.00,  43 43 32.3461, -00  0  8.2878,    0.991287432,  -3.86
Earth,   2024-11-07T00:00:00.00,  44 43 44.4411, -00  0  8.4375,    0.991035956,  -3.86
Earth,   2024-11-08T00:00:00.00,  45 43 58.0647, -00  0  8.6144,    0.990786491,  -3.86
Earth,   2024-11-09T00:00:00.00,  46 44 13.1686, -00  0  8.8171,    0.990539370,  -3.86
Earth,   2024-11-10T00:00:00.00,  47 44 29.7143, -00  0  9.0424,    0.990294965,  -3.86
Earth,   2024-11-11T00:00:00.00,  48 44 47.6772, -00  0  9.2853,    0.990053674,  -3.86
Earth,   2024-11-12T00:00:00.00,  49 45  7.0483, -00  0  9.5391,    0.989815913,  -3.86
Earth,   2024-11-13T00:00:00.00,  50 45 27.8374, -00  0  9.7959,    0.989582086,  -3.86
Earth,   2024-11-14T00:00:00.00,  51 45 50.0729, -00  0 10.0467,    0.989352561,  -3.86
Earth,   2024-11-15T00:00:00.00,  52 46 13.7998, -00  0 10.2827,    0.989127632,  -3.86
Earth,   2024-11-16T00:00:00.00,  53 46 39.0740, -00  0 10.4954,    0.988907500,  -3.86
Earth,   2024-11-17T00:00:00.00,  54 47  5.9551, -00  0 10.6786,    0.988692250,  -3.86
Earth,   2024-11-18T00:00:00.00,  55 47 34.4976, -00  0 10.8279,    0.988481864,  -3.86
Earth,   2024-11-19T00:00:00.00,  56 48  4.7448, -00  0 10.9414,    0.988276231,  -3.86
Earth,   2024-11-20T00:00:00.00,  57 48 36.7246, -00  0 11.0197,    0.988075183,  -3.86
Earth,   2024-11-21T00:00:00.00,  58 49 10.4488, -00  0 11.0648,    0.987878520,  -3.86
Earth,   2024-11-22T00:00:00.00,  59 49 45.9140, -00  0 11.0804,    0.987686028,  -3.86
Earth,   2024-11-23T00:00:00.00,  60 50 23.1036, -00  0 11.0712,    0.987497501,  -3.86
Earth,   2024-11-24T00:00:00.00,  61 51  1.9901, -00  0 11.0421,    0.987312745,  -3.86
Earth,   2024-11-25T00:00:00.00,  62 51 42.5369, -00  0 10.9989,    0.987131582,  -3.86
Earth,   2024-11-26T00:00:00.00,  63 52 24.6993, -00  0 10.9470,    0.986953849,  -3.86
Earth,   2024-11-27T00:00:00.00,  64 53  8.4256, -00  0 10.8923,    0.986779406,  -3.86
Earth,   2024-11-28T00:00:00.00,  65 53 53.6574, -00  0 10.8404,    0.986608127,  -3.86
Earth,   2024-11-29T00:00:00.00,  66 54 40.3294, -00  0 10.7968,    0.986439910,  -3.86
Earth,   2024-11-30T00:00:00.00,  67 55 28.3699, -00  0 10.7667,    0.986274680,  -3.86
Earth,   2024-12-01T00:00:00.00,  68 56 17.7011, -00  0 10.7544,    0.986112392,  -3.86
Earth,   2024-12-02T00:00:00.00,  69 57  8.2402, -00  0 10.7639,    0.985953041,  -3.86
Earth,   2024-12-03T00:00:00.00,  70 57 59.9002, -00  0 10.7978,    0.985796668,  -3.86
Earth,   2024-12-04T00:00:00.00,  71 58 52.5927, -00  0 10.8577,    0.985643365,  -3.86
Earth,   2024-12-05T00:00:00.00,  72 59 46.2297, -00  0 10.9435,    0.985493279,  -3.86
Earth,   2024-12-06T00:00:00.00,  74  0 40.7267, -00  0 11.0536,    0.985346614,  -3.86
Earth,   2024-12-07T00:00:00.00,  75  1 36.0053, -00  0 11.1850,    0.985203629,  -3.86
Earth,   2024-12-08T00:00:00.00,  76  2 31.9968, -00  0 11.3328,    0.985064629,  -3.86
Earth,   2024-12-09T00:00:00.00,  77  3 28.6442, -00  0 11.4908,    0.984929962,  -3.86
Earth,   2024-12-10T00:00:00.00,  78  4 25.9058, -00  0 11.6518,    0.984800000,  -3.86
Earth,   2024-12-11T00:00:00.00,  79  5 23.7569, -00  0 11.8077,    0.984675127,  -3.86
Earth,   2024-12-12T00:00:00.00,  80  6 22.1908, -00  0 11.9502,    0.984555712,  -3.86
Earth,   2024-12-13T00:00:00.00,  81  7 21.2187, -00  0 12.0714,    0.984442084,  -3.86
Earth,   2024-12-14T00:00:00.00,  82  8 20.8669, -00  0 12.1648,    0.984334507,  -3.86
Earth,   2024-12-15T00:00:00.00,  83  9 21.1719, -00  0 12.2254,    0.984233158,  -3.86
Earth,   2024-12-16T00:00:00.00,  84 10 22.1742, -00  0 12.2506,    0.984138119,  -3.86
Earth,   2024-12-17T00:00:00.00,  85 11 23.9118, -00  0 12.2399,    0.984049376,  -3.86
Earth,   2024-12-18T00:00:00.00,  86 12 26.4147, -00  0 12.1950,    0.983966837,  -3.86
Earth,   2024-12-19T00:00:00.00,  87 13 29.7015, -00  0 12.1193,    0.983890349,  -3.86
Earth,   2024-12-20T00:00:00.00,  88 14 33.7780, -00  0 12.0173,    0.983819719,  -3.86
Earth,   2024-12-21T00:00:00.00,  89 15 38.6375, -00  0 11.8943,    0.983754735,  -3.86
Earth,   2024-12-22T00:00:00.00,  90 16 44.2620, -00  0 11.7560,    0.983695177,  -3.86
Earth,   2024-12-23T00:00:00.00,  91 17 50.6237, -00  0 11.6084,    0.983640825,  -3.86
Earth,   2024-12-24T00:00:00.00,  92 18 57.6858, -00  0 11.4572,    0.983591462,  -3.86
Earth,   2024-12-25T00:00:00.00,  93 20  5.4042, -00  0 11.3083,    0.983546879,  -3.86
Earth,   2024-12-26T00:00:00.00,  94 21 13.7270, -00  0 11.1669,    0.983506871,  -3.86
Earth,   2024-12-27T00:00:00.00,  95 22 22.5950, -00  0 11.0383,    0.983471242,  -3.86
Earth,   2024-12-28T00:00:00.00,  96 23 31.9408, -00  0 10.9270,    0.983439810,  -3.86
Earth,   2024-12-29T00:00:00.00,  97 24 41.6888, -00  0 10.8369,    0.983412407,  -3.86
Earth,   2024-12-30T00:00:00.00,  98 25 51.7549, -00  0 10.7711,    0.983388894,  -3.86
Earth,   2024-12-31T00:00:00.00,  99 27  2.0470, -00  0 10.7311,    0.983369169,  -3.86
Earth,   2025-01-01T00:00:00.00, 100 28 12.4668, -00  0 10.7174,    0.983353181,  -3.86
Earth,   2025-01-02T00:00:00.00, 101 29 22.9117, -00  0 10.7284,    0.983340940,  -3.86
Earth,   2025-01-03T00:00:00.00, 102 30 33.2790, -00  0 10.7610,    0.983332523,  -3.86
Earth,   2025-01-04T00:00:00.00, 103 31 43.4697, -00  0 10.8104,    0.983328081,  -3.86
Earth,   2025-01-05T00:00:00.00, 104 32 53.3928, -00  0 10.8702,    0.983327828,  -3.86
Earth,   2025-01-06T00:00:00.00, 105 34  2.9691, -00  0 10.9330,    0.983332035,  -3.86
Earth,   2025-01-07T00:00:00.00, 106 35 12.1341, -00  0 10.9910,    0.983341013,  -3.86
Earth,   2025-01-08T00:00:00.00, 107 36 20.8403, -00  0 11.0362,    0.983355094,  -3.86
Earth,   2025-01-09T00:00:00.00, 108 37 29.0578, -00  0 11.0611,    0.983374614,  -3.86
Earth,   2025-01-10T00:00:00.00, 109 38 36.7743, -00  0 11.0594,    0.983399885,  -3.86
Earth,   2025-01-11T00:00:00.00, 110 39 43.9934, -00  0 11.0263,    0.983431181,  -3.86
Earth,   2025-01-12T00:00:00.00, 111 40 50.7317, -00  0 10.9588,    0.983468714,  -3.86
Earth,   2025-01-13T00:00:00.00, 112 41 57.0147, -00  0 10.8560,    0.983512625,  -3.86
Earth,   2025-01-14T00:00:00.00, 113 43  2.8725, -00  0 10.7191,    0.983562974,  -3.86
Earth,   2025-01-15T00:00:00.00, 114 44  8.3347, -00  0 10.5510,    0.983619744,  -3.86
Earth,   2025-01-16T00:00:00.00, 115 45 13.4262, -00  0 10.3558,    0.983682847,  -3.86
Earth,   2025-01-17T00:00:00.00, 116 46 18.1650, -00  0 10.1391,    0.983752141,  -3.86
Earth,   2025-01-18T00:00:00.00, 117 47 22.5601, -00  0  9.9066,    0.983827438,  -3.86
Earth,   2025-01-19T00:00:00.00, 118 48 26.6110, -00  0  9.6646,    0.983908523,  -3.86
Earth,   2025-01-20T00:00:00.00, 119 49 30.3087, -00  0  9.4190,    0.983995162,  -3.86
Earth,   2025-01-21T00:00:00.00, 120 50 33.6357, -00  0  9.1759,    0.984087110,  -3.86
Earth,   2025-01-22T00:00:00.00, 121 51 36.5670, -00  0  8.9408,    0.984184112,  -3.86
Earth,   2025-01-23T00:00:00.00, 122 52 39.0703, -00  0  8.7188,    0.984285909,  -3.86
Earth,   2025-01-24T00:00:00.00, 123 53 41.1062, -00  0  8.5146,    0.984392237,  -3.86
Earth,   2025-01-25T00:00:00.00, 124 54 42.6271, -00  0  8.3322,    0.984502827,  -3.86
Earth,   2025-01-26T00:00:00.00, 125 55 43.5769, -00  0  8.1747,    0.984617412,  -3.86
Earth,   2025-01-27T00:00:00.00, 126 56 43.8893, -00  0  8.0443,    0.984735732,  -3.86
Earth,   2025-01-28T00:00:00.00, 127 57 43.4872, -00  0  7.9416,    0.984857547,  -3.86
Earth,   2025-01-29T00:00:00.00, 128 58 42.2824, -00  0  7.8658,    0.984982651,  -3.86
Earth,   2025-01-30T00:00:00.00, 129 59 40.1775, -00  0  7.8141,    0.985110894,  -3.86
Earth,   2025-01-31T00:00:00.00, 131  0 37.0683, -00  0  7.7818,    0.985242196,  -3.86
Earth,   2025-02-01T00:00:00.00, 132  1 32.8488, -00  0  7.7625,    0.985376563,  -3.86
Earth,   2025-02-02T00:00:00.00, 133  2 27.4172, -00  0  7.7485,    0.985514088,  -3.86
Earth,   2025-02-03T00:00:00.00, 134  3 20.6816, -00  0  7.7314,    0.985654945,  -3.86
Earth,   2025-02-04T00:00:00.00, 135  4 12.5647, -00  0  7.7028,    0.985799372,  -3.86
Earth,   2025-02-05T00:00:00.00, 136  5  3.0063, -00  0  7.6550,    0.985947645,  -3.86
Earth,   2025-02-06T00:00:00.00, 137  5 51.9651, -00  0  7.5817,    0.986100057,  -3.86
Earth,   2025-02-07T00:00:00.00, 138  6 39.4176, -00  0  7.4780,    0.986256895,  -3.86
Earth,   2025-02-08T00:00:00.00, 139  7 25.3568, -00  0  7.3411,    0.986418419,  -3.86
Earth,   2025-02-09T00:00:00.00, 140  8  9.7896, -00  0  7.1698,    0.986584846,  -3.86
Earth,   2025-02-10T00:00:00.00, 141  8 52.7338, -00  0  6.9651,    0.986756342,  -3.86
Earth,   2025-02-11T00:00:00.00, 142  9 34.2152, -00  0  6.7296,    0.986933011,  -3.86
Earth,   2025-02-12T00:00:00.00, 143 10 14.2641, -00  0  6.4671,    0.987114893,  -3.86
Earth,   2025-02-13T00:00:00.00, 144 10 52.9120, -00  0  6.1829,    0.987301967,  -3.86
Earth,   2025-02-14T00:00:00.00, 145 11 30.1891, -00  0  5.8826,    0.987494151,  -3.86
Earth,   2025-02-15T00:00:00.00, 146 12  6.1218, -00  0  5.5726,    0.987691314,  -3.86
Earth,   2025-02-16T00:00:00.00, 147 12 40.7312, -00  0  5.2592,    0.987893279,  -3.86
Earth,   2025-02-17T00:00:00.00, 148 13 14.0325, -00  0  4.9485,    0.988099839,  -3.86
Earth,   2025-02-18T00:00:00.00, 149 13 46.0347, -00  0  4.6462,    0.988310757,  -3.86
Earth,   2025-02-19T00:00:00.00, 150 14 16.7403, -00  0  4.3577,    0.988525777,  -3.86
Earth,   2025-02-20T00:00:00.00, 151 14 46.1457, -00  0  4.0877,    0.988744622,  -3.86
Earth,   2025-02-21T00:00:00.00, 152 15 14.2410, -00  0  3.8402,    0.988967001,  -3.86
Earth,   2025-02-22T00:00:00.00, 153 15 41.0093, -00  0  3.6187,    0.989192606,  -3.86
Earth,   2025-02-23T00:00:00.00, 154 16  6.4260, -00  0  3.4253,    0.989421115,  -3.86
Earth,   2025-02-24T00:00:00.00, 155 16 30.4569, -00  0  3.2612,    0.989652196,  -3.86
Earth,   2025-02-25T00:00:00.00, 156 16 53.0565, -00  0  3.1263,    0.989885511,  -3.86
Earth,   2025-02-26T00:00:00.00, 157 17 14.1664, -00  0  3.0186,    0.990120737,  -3.86
Earth,   2025-02-27T00:00:00.00, 158 17 33.7141, -00  0  2.9343,    0.990357577,  -3.86
Earth,   2025-02-28T00:00:00.00, 159 17 51.6144, -00  0  2.8674,    0.990595795,  -3.86
Earth,   2025-03-01T00:00:00.00, 160 18  7.7722, -00  0  2.8105,    0.990835234,  -3.86
Earth,   2025-03-02T00:00:00.00, 161 18 22.0894, -00  0  2.7547,    0.991075839,  -3.86
Earth,   2025-03-03T00:00:00.00, 162 18 34.4713, -00  0  2.6910,    0.991317659,  -3.86
Earth,   2025-03-04T00:00:00.00, 163 18 44.8348, -00  0  2.6108,    0.991560838,  -3.86
Earth,   2025-03-05T00:00:00.00, 164 18 53.1133, -00  0  2.5069,    0.991805589,  -3.86
Earth,   2025-03-06T00:00:00.00, 165 18 59.2596, -00  0  2.3740,    0.992052167,  -3.86
Earth,   2025-03-07T00:00:00.00, 166 19  3.2461, -00  0  2.2088,    0.992300837,  -3.86
Earth,   2025-03-08T00:00:00.00, 167 19  5.0625, -00  0  2.0101,    0.992551849,  -3.86
Earth,   2025-03-09T00:00:00.00, 168 19  4.7141, -00  0  1.7789,    0.992805427,  -3.86
Earth,   2025-03-10T00:00:00.00, 169 19  2.2182, -00  0  1.5174,    0.993061755,  -3.86
Earth,   2025-03-11T00:00:00.00, 170 18 57.6017, -00  0  1.2295,    0.993320969,  -3.86
Earth,   2025-03-12T00:00:00.00, 171 18 50.8986, -00  0  0.9201,    0.993583155,  -3.86
Earth,   2025-03-13T00:00:00.00, 172 18 42.1476, -00  0  0.5946,    0.993848349,  -3.86
Earth,   2025-03-14T00:00:00.00, 173 18 31.3898, -00  0  0.2593,    0.994116538,  -3.86
Earth,   2025-03-15T00:00:00.00, 174 18 18.6674, +00  0  0.0798,    0.994387657,  -3.86
Earth,   2025-03-16T00:00:00.00, 175 18  4.0212, +00  0  0.4162,    0.994661598,  -3.86
Earth,   2025-03-17T00:00:00.00, 176 17 47.4903, +00  0  0.7443,    0.994938212,  -3.86
Earth,   2025-03-18T00:00:00.00, 177 17 29.1101, +00  0  1.0585,    0.995217314,  -3.86
Earth,   2025-03-19T00:00:00.00, 178 17  8.9122, +00  0  1.3539,    0.995498685,  -3.86
Earth,   2025-03-20T00:00:00.00, 179 16 46.9239, +00  0  1.6264,    0.995782079,  -3.86
Earth,   2025-03-21T00:00:00.00, 180 16 23.1674, +00  0  1.8726,    0.996067222,  -3.86
Earth,   2025-03-22T00:00:00.00, 181 15 57.6596, +00  0  2.0902,    0.996353816,  -3.86
Earth,   2025-03-23T00:00:00.00, 182 15 30.4110, +00  0  2.2776,    0.996641535,  -3.86
Earth,   2025-03-24T00:00:00.00, 183 15  1.4239, +00  0  2.4347,    0.996930032,  -3.86
Earth,   2025-03-25T00:00:00.00, 184 14 30.6910, +00  0  2.5627,    0.997218938,  -3.86
Earth,   2025-03-26T00:00:00.00, 185 13 58.1923, +00  0  2.6645,    0.997507871,  -3.86
Earth,   2025-03-27T00:00:00.00, 186 13 23.8930, +00  0  2.7448,    0.997796452,  -3.86
Earth,   2025-03-28T00:00:00.00, 187 12 47.7419, +00  0  2.8101,    0.998084330,  -3.86
Earth,   2025-03-29T00:00:00.00, 188 12  9.6717, +00  0  2.8685,    0.998371210,  -3.86
Earth,   2025-03-30T00:00:00.00, 189 11 29.6031, +00  0  2.9293,    0.998656886,  -3.86
Earth,   2025-03-31T00:00:00.00, 190 10 47.4513, +00  0  3.0017,    0.998941265,  -3.86
Earth,   2025-04-01T00:00:00.00, 191 10  3.1350, +00  0  3.0939,    0.999224369,  -3.86
Earth,   2025-04-02T00:00:00.00, 192  9 16.5845, +00  0  3.2124,    0.999506328,  -3.86
Earth,   2025-04-03T00:00:00.00, 193  8 27.7475, +00  0  3.3615,    0.999787342,  -3.86
Earth,   2025-04-04T00:00:00.00, 194  7 36.5917, +00  0  3.5428,    1.000067653,  -3.86
Earth,   2025-04-05T00:00:00.00, 195  6 43.1041, +00  0  3.7559,    1.000347514,  -3.86
Earth,   2025-04-06T00:00:00.00, 196  5 47.2885, +00  0  3.9985,    1.000627162,  -3.86
Earth,   2025-04-07T00:00:00.00, 197  4 49.1630, +00  0  4.2667,    1.000906806,  -3.86
Earth,   2025-04-08T00:00:00.00, 198  3 48.7566, +00  0  4.5558,    1.001186622,  -3.86
Earth,   2025-04-09T00:00:00.00, 199  2 46.1068, +00  0  4.8602,    1.001466745,  -3.86
Earth,   2025-04-10T00:00:00.00, 200  1 41.2578, +00  0  5.1742,    1.001747269,  -3.86
Earth,   2025-04-11T00:00:00.00, 201  0 34.2591, +00  0  5.4916,    1.002028249,  -3.86
Earth,   2025-04-12T00:00:00.00, 201 59 25.1634, +00  0  5.8063,    1.002309698,  -3.86
Earth,   2025-04-13T00:00:00.00, 202 58 14.0260, +00  0  6.1124,    1.002591591,  -3.86
Earth,   2025-04-14T00:00:00.00, 203 57  0.9035, +00  0  6.4047,    1.002873861,  -3.86
Earth,   2025-04-15T00:00:00.00, 204 55 45.8523, +00  0  6.6780,    1.003156401,  -3.86
Earth,   2025-04-16T00:00:00.00, 205 54 28.9280, +00  0  6.9282,    1.003439070,  -3.86
Earth,   2025-04-17T00:00:00.00, 206 53 10.1841, +00  0  7.1519,    1.003721686,  -3.86
Earth,   2025-04-18T00:00:00.00, 207 51 49.6713, +00  0  7.3466,    1.004004034,  -3.86
Earth,   2025-04-19T00:00:00.00, 208 50 27.4363, +00  0  7.5108,    1.004285865,  -3.86
Earth,   2025-04-20T00:00:00.00, 209 49  3.5209, +00  0  7.6442,    1.004566895,  -3.86
Earth,   2025-04-21T00:00:00.00, 210 47 37.9607, +00  0  7.7476,    1.004846807,  -3.86
Earth,   2025-04-22T00:00:00.00, 211 46 10.7829, +00  0  7.8236,    1.005125251,  -3.86
Earth,   2025-04-23T00:00:00.00, 212 44 42.0040, +00  0  7.8758,    1.005401849,  -3.86
Earth,   2025-04-24T00:00:00.00, 213 43 11.6271, +00  0  7.9097,    1.005676204,  -3.86
Earth,   2025-04-25T00:00:00.00, 214 41 39.6383, +00  0  7.9323,    1.005947919,  -3.86
Earth,   2025-04-26T00:00:00.00, 215 40  6.0061, +00  0  7.9518,    1.006216618,  -3.86
Earth,   2025-04-27T00:00:00.00, 216 38 30.6807, +00  0  7.9772,    1.006481988,  -3.86
Earth,   2025-04-28T00:00:00.00, 217 36 53.5991, +00  0  8.0171,    1.006743803,  -3.86
Earth,   2025-04-29T00:00:00.00, 218 35 14.6915, +00  0  8.0791,    1.007001957,  -3.86
Earth,   2025-04-30T00:00:00.00, 219 33 33.8910, +00  0  8.1686,    1.007256463,  -3.86
Earth,   2025-05-01T00:00:00.00, 220 31 51.1416, +00  0  8.2884,    1.007507441,  -3.86
Earth,   2025-05-02T00:00:00.00, 221 30  6.4040, +00  0  8.4391,    1.007755084,  -3.86
Earth,   2025-05-03T00:00:00.00, 222 28 19.6580, +00  0  8.6186,    1.007999629,  -3.86
Earth,   2025-05-04T00:00:00.00, 223 26 30.9014, +00  0  8.8233,    1.008241324,  -3.86
Earth,   2025-05-05T00:00:00.00, 224 24 40.1480, +00  0  9.0485,    1.008480407,  -3.86
Earth,   2025-05-06T00:00:00.00, 225 22 47.4243, +00  0  9.2885,    1.008717091,  -3.86
Earth,   2025-05-07T00:00:00.00, 226 20 52.7672, +00  0  9.5375,    1.008951565,  -3.86
Earth,   2025-05-08T00:00:00.00, 227 18 56.2217, +00  0  9.7895,    1.009183984,  -3.86
Earth,   2025-05-09T00:00:00.00, 228 16 57.8395, +00  0 10.0385,    1.009414472,  -3.86
Earth,   2025-05-10T00:00:00.00, 229 14 57.6779, +00  0 10.2789,    1.009643124,  -3.86
Earth,   2025-05-11T00:00:00.00, 230 12 55.7986, +00  0 10.5054,    1.009869999,  -3.86
Earth,   2025-05-12T00:00:00.00, 231 10 52.2675, +00  0 10.7130,    1.010095124,  -3.86
Earth,   2025-05-13T00:00:00.00, 232  8 47.1533, +00  0 10.8976,    1.010318492,  -3.86
Earth,   2025-05-14T00:00:00.00, 233  6 40.5268, +00  0 11.0559,    1.010540054,  -3.86
Earth,   2025-05-15T00:00:00.00, 234  4 32.4598, +00  0 11.1852,    1.010759726,  -3.86
Earth,   2025-05-16T00:00:00.00, 235  2 23.0238, +00  0 11.2841,    1.010977378,  -3.86
Earth,   2025-05-17T00:00:00.00, 236  0 12.2884, +00  0 11.3523,    1.011192842,  -3.86
Earth,   2025-05-18T00:00:00.00, 236 58  0.3204, +00  0 11.3907,    1.011405904,  -3.86
Earth,   2025-05-19T00:00:00.00, 237 55 47.1814, +00  0 11.4015,    1.011616309,  -3.86
Earth,   2025-05-20T00:00:00.00, 238 53 32.9265, +00  0 11.3882,    1.011823760,  -3.86
Earth,   2025-05-21T00:00:00.00, 239 51 17.6013, +00  0 11.3557,    1.012027922,  -3.86
Earth,   2025-05-22T00:00:00.00, 240 49  1.2397, +00  0 11.3101,    1.012228425,  -3.86
Earth,   2025-05-23T00:00:00.00, 241 46 43.8603, +00  0 11.2588,    1.012424881,  -3.86
Earth,   2025-05-24T00:00:00.00, 242 44 25.4642, +00  0 11.2098,    1.012616899,  -3.86
Earth,   2025-05-25T00:00:00.00, 243 42  6.0335, +00  0 11.1713,    1.012804115,  -3.86
Earth,   2025-05-26T00:00:00.00, 244 39 45.5325, +00  0 11.1509,    1.012986226,  -3.86
Earth,   2025-05-27T00:00:00.00, 245 37 23.9116, +00  0 11.1548,    1.013163019,  -3.86
Earth,   2025-05-28T00:00:00.00, 246 35  1.1149, +00  0 11.1869,    1.013334393,  -3.86
Earth,   2025-05-29T00:00:00.00, 247 32 37.0886, +00  0 11.2488,    1.013500363,  -3.86
Earth,   2025-05-30T00:00:00.00, 248 30 11.7884, +00  0 11.3394,    1.013661044,  -3.86
Earth,   2025-05-31T00:00:00.00, 249 27 45.1846, +00  0 11.4556,    1.013816626,  -3.86
Earth,   2025-06-01T00:00:00.00, 250 25 17.2641, +00  0 11.5926,    1.013967338,  -3.86
Earth,   2025-06-02T00:00:00.00, 251 22 48.0302, +00  0 11.7448,    1.014113428,  -3.86
Earth,   2025-06-03T00:00:00.00, 252 20 17.5000, +00  0 11.9061,    1.014255142,  -3.86
Earth,   2025-06-04T00:00:00.00, 253 17 45.7027, +00  0 12.0705,    1.014392712,  -3.86
Earth,   2025-06-05T00:00:00.00, 254 15 12.6769, +00  0 12.2318,    1.014526349,  -3.86
Earth,   2025-06-06T00:00:00.00, 255 12 38.4693, +00  0 12.3844,    1.014656245,  -3.86
Earth,   2025-06-07T00:00:00.00, 256 10  3.1336, +00  0 12.5230,    1.014782570,  -3.86
Earth,   2025-06-08T00:00:00.00, 257  7 26.7295, +00  0 12.6429,    1.014905471,  -3.86
Earth,   2025-06-09T00:00:00.00, 258  4 49.3226, +00  0 12.7399,    1.015025069,  -3.86
Earth,   2025-06-10T00:00:00.00, 259  2 10.9839, +00  0 12.8107,    1.015141458,  -3.86
Earth,   2025-06-11T00:00:00.00, 259 59 31.7892, +00  0 12.8527,    1.015254700,  -3.86
Earth,   2025-06-12T00:00:00.00, 260 56 51.8184, +00  0 12.8644,    1.015364820,  -3.86
Earth,   2025-06-13T00:00:00.00, 261 54 11.1544, +00  0 12.8454,    1.015471799,  -3.86
Earth,   2025-06-14T00:00:00.00, 262 51 29.8814, +00  0 12.7966,    1.015575571,  -3.86
Earth,   2025-06-15T00:00:00.00, 263 48 48.0828, +00  0 12.7203,    1.015676020,  -3.86
Earth,   2025-06-16T00:00:00.00, 264 46  5.8393, +00  0 12.6200,    1.015772975,  -3.86
Earth,   2025-06-17T00:00:00.00, 265 43 23.2263, +00  0 12.5005,    1.015866213,  -3.86
Earth,   2025-06-18T00:00:00.00, 266 40 40.3109, +00  0 12.3678,    1.015955462,  -3.86
Earth,   2025-06-19T00:00:00.00, 267 37 57.1497, +00  0 12.2287,    1.016040406,  -3.86
Earth,   2025-06-20T00:00:00.00, 268 35 13.7850, +00  0 12.0909,    1.016120696,  -3.86
Earth,   2025-06-21T00:00:00.00, 269 32 30.2432, +00  0 11.9618,    1.016195966,  -3.86
Earth,   2025-06-22T00:00:00.00, 270 29 46.5320, +00  0 11.8488,    1.016265852,  -3.86
Earth,   2025-06-23T00:00:00.00, 271 27  2.6410, +00  0 11.7580,    1.016330026,  -3.86
Earth,   2025-06-24T00:00:00.00, 272 24 18.5426, +00  0 11.6939,    1.016388218,  -3.86
Earth,   2025-06-25T00:00:00.00, 273 21 34.1976, +00  0 11.6587,    1.016440247,  -3.86
Earth,   2025-06-26T00:00:00.00, 274 18 49.5606, +00  0 11.6525,    1.016486031,  -3.86
Earth,   2025-06-27T00:00:00.00, 275 16  4.5879, +00  0 11.6728,    1.016525595,  -3.86
Earth,   2025-06-28T00:00:00.00, 276 13 19.2431, +00  0 11.7152,    1.016559050,  -3.86
Earth,   2025-06-29T00:00:00.00, 277 10 33.5015, +00  0 11.7744,    1.016586578,  -3.86
Earth,   2025-06-30T00:00:00.00, 278  7 47.3522, +00  0 11.8440,    1.016608403,  -3.86
Earth,   2025-07-01T00:00:00.00, 279  5  0.7973, +00  0 11.9176,    1.016624772,  -3.86
Earth,   2025-07-02T00:00:00.00, 280  2 13.8514, +00  0 11.9889,    1.016635940,  -3.86
Earth,   2025-07-03T00:00:00.00, 280 59 26.5393, +00  0 12.0520,    1.016642157,  -3.86
Earth,   2025-07-04T00:00:00.00, 281 56 38.8949, +00  0 12.1015,    1.016643667,  -3.86
Earth,   2025-07-05T00:00:00.00, 282 53 50.9599, +00  0 12.1325,    1.016640701,  -3.86
Earth,   2025-07-06T00:00:00.00, 283 51  2.7832, +00  0 12.1409,    1.016633481,  -3.86
Earth,   2025-07-07T00:00:00.00, 284 48 14.4206, +00  0 12.1233,    1.016622213,  -3.86
Earth,   2025-07-08T00:00:00.00, 285 45 25.9349, +00  0 12.0770,    1.016607087,  -3.86
Earth,   2025-07-09T00:00:00.00, 286 42 37.3959, +00  0 12.0005,    1.016588273,  -3.86
Earth,   2025-07-10T00:00:00.00, 287 39 48.8805, +00  0 11.8932,    1.016565911,  -3.86
Earth,   2025-07-11T00:00:00.00, 288 37  0.4718, +00  0 11.7558,    1.016540105,  -3.86
Earth,   2025-07-12T00:00:00.00, 289 34 12.2582, +00  0 11.5905,    1.016510911,  -3.86
Earth,   2025-07-13T00:00:00.00, 290 31 24.3313, +00  0 11.4008,    1.016478329,  -3.86
Earth,   2025-07-14T00:00:00.00, 291 28 36.7828, +00  0 11.1917,    1.016442296,  -3.86
Earth,   2025-07-15T00:00:00.00, 292 25 49.7018, +00  0 10.9693,    1.016402683,  -3.86
Earth,   2025-07-16T00:00:00.00, 293 23  3.1706, +00  0 10.7406,    1.016359297,  -3.86
Earth,   2025-07-17T00:00:00.00, 294 20 17.2616, +00  0 10.5130,    1.016311889,  -3.86
Earth,   2025-07-18T00:00:00.00, 295 17 32.0340, +00  0 10.2943,    1.016260163,  -3.86
Earth,   2025-07-19T00:00:00.00, 296 14 47.5309, +00  0 10.0914,    1.016203794,  -3.86
Earth,   2025-07-20T00:00:00.00, 297 12  3.7782, +00  0  9.9104,    1.016142446,  -3.86
Earth,   2025-07-21T00:00:00.00, 298  9 20.7837, +00  0  9.7558,    1.016075800,  -3.86
Earth,   2025-07-22T00:00:00.00, 299  6 38.5381, +00  0  9.6304,    1.016003572,  -3.86
Earth,   2025-07-23T00:00:00.00, 300  3 57.0176, +00  0  9.5345,    1.015925541,  -3.86
Earth,   2025-07-24T00:00:00.00, 301  1 16.1884, +00  0  9.4666,    1.015841563,  -3.86
Earth,   2025-07-25T00:00:00.00, 301 58 36.0115, +00  0  9.4230,    1.015751585,  -3.86
Earth,   2025-07-26T00:00:00.00, 302 55 56.4488, +00  0  9.3985,    1.015655638,  -3.86
Earth,   2025-07-27T00:00:00.00, 303 53 17.4670, +00  0  9.3870,    1.015553832,  -3.86
Earth,   2025-07-28T00:00:00.00, 304 50 39.0415, +00  0  9.3818,    1.015446338,  -3.86
Earth,   2025-07-29T00:00:00.00, 305 48  1.1576, +00  0  9.3764,    1.015333372,  -3.86
Earth,   2025-07-30T00:00:00.00, 306 45 23.8112, +00  0  9.3644,    1.015215176,  -3.86
Earth,   2025-07-31T00:00:00.00, 307 42 47.0080, +00  0  9.3401,    1.015092011,  -3.86
Earth,   2025-08-01T00:00:00.00, 308 40 10.7623, +00  0  9.2983,    1.014964142,  -3.86
Earth,   2025-08-02T00:00:00.00, 309 37 35.0968, +00  0  9.2348,    1.014831839,  -3.86
Earth,   2025-08-03T00:00:00.00, 310 35  0.0416, +00  0  9.1460,    1.014695373,  -3.86
Earth,   2025-08-04T00:00:00.00, 311 32 25.6338, +00  0  9.0291,    1.014555011,  -3.86
Earth,   2025-08-05T00:00:00.00, 312 29 51.9184, +00  0  8.8822,    1.014411020,  -3.86
Earth,   2025-08-06T00:00:00.00, 313 27 18.9482, +00  0  8.7047,    1.014263659,  -3.86
Earth,   2025-08-07T00:00:00.00, 314 24 46.7853, +00  0  8.4969,    1.014113172,  -3.86
Earth,   2025-08-08T00:00:00.00, 315 22 15.5006, +00  0  8.2606,    1.013959781,  -3.86
Earth,   2025-08-09T00:00:00.00, 316 19 45.1744, +00  0  7.9990,    1.013803672,  -3.86
Earth,   2025-08-10T00:00:00.00, 317 17 15.8949, +00  0  7.7169,    1.013644976,  -3.86
Earth,   2025-08-11T00:00:00.00, 318 14 47.7553, +00  0  7.4206,    1.013483760,  -3.86
Earth,   2025-08-12T00:00:00.00, 319 12 20.8506, +00  0  7.1173,    1.013320011,  -3.86
Earth,   2025-08-13T00:00:00.00, 320  9 55.2721, +00  0  6.8150,    1.013153637,  -3.86
Earth,   2025-08-14T00:00:00.00, 321  7 31.1030, +00  0  6.5216,    1.012984469,  -3.86
Earth,   2025-08-15T00:00:00.00, 322  5  8.4139, +00  0  6.2447,    1.012812273,  -3.86
Earth,   2025-08-16T00:00:00.00, 323  2 47.2595, +00  0  5.9905,    1.012636773,  -3.86
Earth,   2025-08-17T00:00:00.00, 324  0 27.6769, +00  0  5.7637,    1.012457669,  -3.86
Earth,   2025-08-18T00:00:00.00, 324 58  9.6850, +00  0  5.5672,    1.012274664,  -3.86
Earth,   2025-08-19T00:00:00.00, 325 55 53.2859, +00  0  5.4018,    1.012087482,  -3.86
Earth,   2025-08-20T00:00:00.00, 326 53 38.4665, +00  0  5.2661,    1.011895891,  -3.86
Earth,   2025-08-21T00:00:00.00, 327 51 25.2017, +00  0  5.1571,    1.011699715,  -3.86
Earth,   2025-08-22T00:00:00.00, 328 49 13.4579, +00  0  5.0701,    1.011498850,  -3.86
Earth,   2025-08-23T00:00:00.00, 329 47  3.1972, +00  0  4.9993,    1.011293262,  -3.86
Earth,   2025-08-24T00:00:00.00, 330 44 54.3811, +00  0  4.9382,    1.011082987,  -3.86
Earth,   2025-08-25T00:00:00.00, 331 42 46.9739, +00  0  4.8800,    1.010868131,  -3.86
Earth,   2025-08-26T00:00:00.00, 332 40 40.9451, +00  0  4.8182,    1.010648850,  -3.86
Earth,   2025-08-27T00:00:00.00, 333 38 36.2710, +00  0  4.7467,    1.010425346,  -3.86
Earth,   2025-08-28T00:00:00.00, 334 36 32.9355, +00  0  4.6600,    1.010197850,  -3.86
Earth,   2025-08-29T00:00:00.00, 335 34 30.9297, +00  0  4.5534,    1.009966620,  -3.86
Earth,   2025-08-30T00:00:00.00, 336 32 30.2518, +00  0  4.4232,    1.009731928,  -3.86
Earth,   2025-08-31T00:00:00.00, 337 30 30.9072, +00  0  4.2663,    1.009494060,  -3.86
Earth,   2025-09-01T00:00:00.00, 338 28 32.9076, +00  0  4.0807,    1.009253312,  -3.86
Earth,   2025-09-02T00:00:00.00, 339 26 36.2722, +00  0  3.8653,    1.009009991,  -3.86
Earth,   2025-09-03T00:00:00.00, 340 24 41.0278, +00  0  3.6203,    1.008764410,  -3.86
Earth,   2025-09-04T00:00:00.00, 341 22 47.2105, +00  0  3.3468,    1.008516889,  -3.86
Earth,   2025-09-05T00:00:00.00, 342 20 54.8668, +00  0  3.0475,    1.008267740,  -3.86
Earth,   2025-09-06T00:00:00.00, 343 19  4.0551, +00  0  2.7267,    1.008017260,  -3.86
Earth,   2025-09-07T00:00:00.00, 344 17 14.8459, +00  0  2.3900,    1.007765710,  -3.86
Earth,   2025-09-08T00:00:00.00, 345 15 27.3206, +00  0  2.0448,    1.007513297,  -3.86
Earth,   2025-09-09T00:00:00.00, 346 13 41.5686, +00  0  1.6991,    1.007260146,  -3.86
Earth,   2025-09-10T00:00:00.00, 347 11 57.6820, +00  0  1.3615,    1.007006289,  -3.86
Earth,   2025-09-11T00:00:00.00, 348 10 15.7487, +00  0  1.0404,    1.006751663,  -3.86
Earth,   2025-09-12T00:00:00.00, 349  8 35.8467, +00  0  0.7428,    1.006496115,  -3.86
Earth,   2025-09-13T00:00:00.00, 350  6 58.0386, +00  0  0.4741,    1.006239425,  -3.86
Earth,   2025-09-14T00:00:00.00, 351  5 22.3686, +00  0  0.2375,    1.005981331,  -3.86
Earth,   2025-09-15T00:00:00.00, 352  3 48.8621, +00  0  0.0341,    1.005721558,  -3.86
Earth,   2025-09-16T00:00:00.00, 353  2 17.5266, -00  0  0.1372,    1.005459844,  -3.86
Earth,   2025-09-17T00:00:00.00, 354  0 48.3539, -00  0  0.2794,    1.005195952,  -3.86
Earth,   2025-09-18T00:00:00.00, 354 59 21.3224, -00  0  0.3967,    1.004929692,  -3.86
Earth,   2025-09-19T00:00:00.00, 355 57 56.4008, -00  0  0.4947,    1.004660923,  -3.86
Earth,   2025-09-20T00:00:00.00, 356 56 33.5501, -00  0  0.5796,    1.004389563,  -3.86
Earth,   2025-09-21T00:00:00.00, 357 55 12.7273, -00  0  0.6580,    1.004115587,  -3.86
Earth,   2025-09-22T00:00:00.00, 358 53 53.8874, -00  0  0.7365,    1.003839030,  -3.86
Earth,   2025-09-23T00:00:00.00, 359 52 36.9860, -00  0  0.8212,    1.003559978,  -3.86
Earth,   2025-09-24T00:00:00.00,   0 51 21.9812, -00  0  0.9180,    1.003278567,  -3.86
Earth,   2025-09-25T00:00:00.00,   1 50  8.8350, -00  0  1.0317,    1.002994973,  -3.86
Earth,   2025-09-26T00:00:00.00,   2 48 57.5138, -00  0  1.1664,    1.002709408,  -3.86
Earth,   2025-09-27T00:00:00.00,   3 47 47.9893, -00  0  1.3254,    1.002422110,  -3.86
Earth,   2025-09-28T00:00:00.00,   4 46 40.2384, -00  0  1.5109,    1.002133344,  -3.86
Earth,   2025-09-29T00:00:00.00,   5 45 34.2438, -00  0  1.7241,    1.001843395,  -3.86
Earth,   2025-09-30T00:00:00.00,   6 44 29.9939, -00  0  1.9652,    1.001552569,  -3.86
Earth,   2025-10-01T00:00:00.00,   7 43 27.4836, -00  0  2.2333,    1.001261190,  -3.86
Earth,   2025-10-02T00:00:00.00,   8 42 26.7161, -00  0  2.5263,    1.000969603,  -3.86
Earth,   2025-10-03T00:00:00.00,   9 41 27.7041, -00  0  2.8407,    1.000678164,  -3.86
Earth,   2025-10-04T00:00:00.00,  10 40 30.4725, -00  0  3.1716,    1.000387239,  -3.86
Earth,   2025-10-05T00:00:00.00,  11 39 35.0601, -00  0  3.5126,    1.000097181,  -3.86
Earth,   2025-10-06T00:00:00.00,  12 38 41.5211, -00  0  3.8559,    0.999808315,  -3.86
Earth,   2025-10-07T00:00:00.00,  13 37 49.9239, -00  0  4.1930,    0.999520905,  -3.86
Earth,   2025-10-08T00:00:00.00,  14 37  0.3477, -00  0  4.5149,    0.999235126,  -3.86
Earth,   2025-10-09T00:00:00.00,  15 36 12.8755, -00  0  4.8138,    0.998951046,  -3.86
Earth,   2025-10-10T00:00:00.00,  16 35 27.5865, -00  0  5.0830,    0.998668622,  -3.86
Earth,   2025-10-11T00:00:00.00,  17 34 44.5480, -00  0  5.3183,    0.998387712,  -3.86
Earth,   2025-10-12T00:00:00.00,  18 34  3.8099, -00  0  5.5182,    0.998108104,  -3.86
Earth,   2025-10-13T00:00:00.00,  19 33 25.4021, -00  0  5.6832,    0.997829547,  -3.86
Earth,   2025-10-14T00:00:00.00,  20 32 49.3354, -00  0  5.8163,    0.997551786,  -3.86
Earth,   2025-10-15T00:00:00.00,  21 32 15.6029, -00  0  5.9218,    0.997274577,  -3.86
Earth,   2025-10-16T00:00:00.00,  22 31 44.1831, -00  0  6.0052,    0.996997710,  -3.86
Earth,   2025-10-17T00:00:00.00,  23 31 15.0433, -00  0  6.0727,    0.996721012,  -3.86
Earth,   2025-10-18T00:00:00.00,  24 30 48.1414, -00  0  6.1307,    0.996444357,  -3.86
Earth,   2025-10-19T00:00:00.00,  25 30 23.4290, -00  0  6.1858,    0.996167663,  -3.86
Earth,   2025-10-20T00:00:00.00,  26 30  0.8526, -00  0  6.2439,    0.995890894,  -3.86
Earth,   2025-10-21T00:00:00.00,  27 29 40.3561, -00  0  6.3110,    0.995614062,  -3.86
Earth,   2025-10-22T00:00:00.00,  28 29 21.8817, -00  0  6.3919,    0.995337220,  -3.86
Earth,   2025-10-23T00:00:00.00,  29 29  5.3718, -00  0  6.4910,    0.995060466,  -3.86
Earth,   2025-10-24T00:00:00.00,  30 28 50.7700, -00  0  6.6116,    0.994783935,  -3.86
Earth,   2025-10-25T00:00:00.00,  31 28 38.0222, -00  0  6.7561,    0.994507800,  -3.86
Earth,   2025-10-26T00:00:00.00,  32 28 27.0773, -00  0  6.9258,    0.994232263,  -3.86
Earth,   2025-10-27T00:00:00.00,  33 28 17.8877, -00  0  7.1210,    0.993957561,  -3.86
Earth,   2025-10-28T00:00:00.00,  34 28 10.4105, -00  0  7.3410,    0.993683957,  -3.86
Earth,   2025-10-29T00:00:00.00,  35 28  4.6076, -00  0  7.5839,    0.993411743,  -3.86
Earth,   2025-10-30T00:00:00.00,  36 28  0.4473, -00  0  7.8466,    0.993141239,  -3.86
Earth,   2025-10-31T00:00:00.00,  37 27 57.9058, -00  0  8.1248,    0.992872793,  -3.86
Earth,   2025-11-01T00:00:00.00,  38 27 56.9698, -00  0  8.4130,    0.992606775,  -3.86
Earth,   2025-11-02T00:00:00.00,  39 27 57.6391, -00  0  8.7044,    0.992343571,  -3.86
Earth,   2025-11-03T00:00:00.00,  40 27 59.9294, -00  0  8.9911,    0.992083568,  -3.86
Earth,   2025-11-04T00:00:00.00,  41 28  3.8743, -00  0  9.2647,    0.991827123,  -3.86
Earth,   2025-11-05T00:00:00.00,  42 28  9.5243, -00  0  9.5168,    0.991574534,  -3.86
Earth,   2025-11-06T00:00:00.00,  43 28 16.9432, -00  0  9.7400,    0.991326008,  -3.86
Earth,   2025-11-07T00:00:00.00,  44 28 26.2006, -00  0  9.9288,    0.991081634,  -3.86
Earth,   2025-11-08T00:00:00.00,  45 28 37.3624, -00  0 10.0805,    0.990841382,  -3.86
Earth,   2025-11-09T00:00:00.00,  46 28 50.4824, -00  0 10.1949,    0.990605116,  -3.86
Earth,   2025-11-10T00:00:00.00,  47 29  5.5963, -00  0 10.2745,    0.990372629,  -3.86
Earth,   2025-11-11T00:00:00.00,  48 29 22.7200, -00  0 10.3237,    0.990143673,  -3.86
Earth,   2025-11-12T00:00:00.00,  49 29 41.8499, -00  0 10.3483,    0.989917997,  -3.86
Earth,   2025-11-13T00:00:00.00,  50 30  2.9660, -00  0 10.3548,    0.989695359,  -3.86
Earth,   2025-11-14T00:00:00.00,  51 30 26.0348, -00  0 10.3497,    0.989475548,  -3.86
Earth,   2025-11-15T00:00:00.00,  52 30 51.0120, -00  0 10.3396,    0.989258385,  -3.86
Earth,   2025-11-16T00:00:00.00,  53 31 17.8453, -00  0 10.3308,    0.989043725,  -3.86
Earth,   2025-11-17T00:00:00.00,  54 31 46.4754, -00  0 10.3288,    0.988831460,  -3.86
Earth,   2025-11-18T00:00:00.00,  55 32 16.8381, -00  0 10.3387,    0.988621516,  -3.86
Earth,   2025-11-19T00:00:00.00,  56 32 48.8650, -00  0 10.3648,    0.988413857,  -3.86
Earth,   2025-11-20T00:00:00.00,  57 33 22.4846, -00  0 10.4103,    0.988208481,  -3.86
Earth,   2025-11-21T00:00:00.00,  58 33 57.6234, -00  0 10.4778,    0.988005424,  -3.86
Earth,   2025-11-22T00:00:00.00,  59 34 34.2069, -00  0 10.5687,    0.987804759,  -3.86
Earth,   2025-11-23T00:00:00.00,  60 35 12.1607, -00  0 10.6833,    0.987606596,  -3.86
Earth,   2025-11-24T00:00:00.00,  61 35 51.4117, -00  0 10.8208,    0.987411082,  -3.86
Earth,   2025-11-25T00:00:00.00,  62 36 31.8892, -00  0 10.9793,    0.987218402,  -3.86
Earth,   2025-11-26T00:00:00.00,  63 37 13.5257, -00  0 11.1560,    0.987028774,  -3.86
Earth,   2025-11-27T00:00:00.00,  64 37 56.2585, -00  0 11.3466,    0.986842454,  -3.86
Earth,   2025-11-28T00:00:00.00,  65 38 40.0314, -00  0 11.5461,    0.986659735,  -3.86
Earth,   2025-11-29T00:00:00.00,  66 39 24.7966, -00  0 11.7483,    0.986480941,  -3.86
Earth,   2025-11-30T00:00:00.00,  67 40 10.5173, -00  0 11.9460,    0.986306431,  -3.86
Earth,   2025-12-01T00:00:00.00,  68 40 57.1711, -00  0 12.1317,    0.986136580,  -3.86
Earth,   2025-12-02T00:00:00.00,  69 41 44.7528, -00  0 12.2975,    0.985971771,  -3.86
Earth,   2025-12-03T00:00:00.00,  70 42 33.2765, -00  0 12.4360,    0.985812360,  -3.86
Earth,   2025-12-04T00:00:00.00,  71 43 22.7749, -00  0 12.5411,    0.985658649,  -3.86
Earth,   2025-12-05T00:00:00.00,  72 44 13.2954, -00  0 12.6089,    0.985510847,  -3.86
Earth,   2025-12-06T00:00:00.00,  73 45  4.8924, -00  0 12.6381,    0.985369046,  -3.86
Earth,   2025-12-07T00:00:00.00,  74 45 57.6181, -00  0 12.6302,    0.985233221,  -3.86
Earth,   2025-12-08T00:00:00.00,  75 46 51.5141, -00  0 12.5892,    0.985103240,  -3.86
Earth,   2025-12-09T00:00:00.00,  76 47 46.6054, -00  0 12.5211,    0.984978896,  -3.86
Earth,   2025-12-10T00:00:00.00,  77 48 42.8986, -00  0 12.4326,    0.984859937,  -3.86
Earth,   2025-12-11T00:00:00.00,  78 49 40.3822, -00  0 12.3310,    0.984746103,  -3.86
Earth,   2025-12-12T00:00:00.00,  79 50 39.0295, -00  0 12.2234,    0.984637138,  -3.86
Earth,   2025-12-13T00:00:00.00,  80 51 38.8013, -00  0 12.1162,    0.984532804,  -3.86
Earth,   2025-12-14T00:00:00.00,  81 52 39.6483, -00  0 12.0154,    0.984432890,  -3.86
Earth,   2025-12-15T00:00:00.00,  82 53 41.5133, -00  0 11.9260,    0.984337207,  -3.86
Earth,   2025-12-16T00:00:00.00,  83 54 44.3324, -00  0 11.8522,    0.984245594,  -3.86
Earth,   2025-12-17T00:00:00.00,  84 55 48.0360, -00  0 11.7976,    0.984157915,  -3.86
Earth,   2025-12-18T00:00:00.00,  85 56 52.5491, -00  0 11.7645,    0.984074062,  -3.86
Earth,   2025-12-19T00:00:00.00,  86 57 57.7923, -00  0 11.7543,    0.983993954,  -3.86
Earth,   2025-12-20T00:00:00.00,  87 59  3.6823, -00  0 11.7675,    0.983917545,  -3.86
Earth,   2025-12-21T00:00:00.00,  89  0 10.1327, -00  0 11.8034,    0.983844822,  -3.86
Earth,   2025-12-22T00:00:00.00,  90  1 17.0552, -00  0 11.8600,    0.983775814,  -3.86
Earth,   2025-12-23T00:00:00.00,  91  2 24.3611, -00  0 11.9343,    0.983710590,  -3.86
Earth,   2025-12-24T00:00:00.00,  92  3 31.9627, -00  0 12.0221,    0.983649264,  -3.86
Earth,   2025-12-25T00:00:00.00,  93  4 39.7754, -00  0 12.1183,    0.983591996,  -3.86
Earth,   2025-12-26T00:00:00.00,  94  5 47.7195, -00  0 12.2168,    0.983538989,  -3.86
Earth,   2025-12-27T00:00:00.00,  95  6 55.7223, -00  0 12.3109,    0.983490492,  -3.86
Earth,   2025-12-28T00:00:00.00,  96  8  3.7210, -00  0 12.3932,    0.983446795,  -3.86
Earth,   2025-12-29T00:00:00.00,  97  9 11.6650, -00  0 12.4566,    0.983408220,  -3.86
Earth,   2025-12-30T00:00:00.00,  98 10 19.5194, -00  0 12.4942,    0.983375112,  -3.86
Earth,   2025-12-31T00:00:00.00,  99 11 27.2673, -00  0 12.4999,    0.983347820,  -3.86
Earth,   2026-01-01T00:00:00.00, 100 12 34.9112, -00  0 12.4693,    0.983326668,  -3.86
Earth,   2026-01-02T00:00:00.00, 101 13 42.4723, -00  0 12.4004,    0.983311928,  -3.86
Earth,   2026-01-03T00:00:00.00, 102 14 49.9862, -00  0 12.2936,    0.983303785,  -3.86
Earth,   2026-01-04T00:00:00.00, 103 15 57.4964, -00  0 12.1518,    0.983302320,  -3.86
Earth,   2026-01-05T00:00:00.00, 104 17  5.0459, -00  0 11.9804,    0.983307501,  -3.86
Earth,   2026-01-06T00:00:00.00, 105 18 12.6699, -00  0 11.7864,    0.983319197,  -3.86
Earth,   2026-01-07T00:00:00.00, 106 19 20.3906, -00  0 11.5775,    0.983337202,  -3.86
Earth,   2026-01-08T00:00:00.00, 107 20 28.2146, -00  0 11.3613,    0.983361264,  -3.86
Earth,   2026-01-09T00:00:00.00, 108 21 36.1333, -00  0 11.1451,    0.983391107,  -3.86
Earth,   2026-01-10T00:00:00.00, 109 22 44.1247, -00  0 10.9354,    0.983426453,  -3.86
Earth,   2026-01-11T00:00:00.00, 110 23 52.1552, -00  0 10.7377,    0.983467030,  -3.86
Earth,   2026-01-12T00:00:00.00, 111 25  0.1821, -00  0 10.5565,    0.983512582,  -3.86
Earth,   2026-01-13T00:00:00.00, 112 26  8.1548, -00  0 10.3954,    0.983562864,  -3.86
Earth,   2026-01-14T00:00:00.00, 113 27 16.0161, -00  0 10.2568,    0.983617649,  -3.86
Earth,   2026-01-15T00:00:00.00, 114 28 23.7021, -00  0 10.1424,    0.983676728,  -3.86
Earth,   2026-01-16T00:00:00.00, 115 29 31.1432, -00  0 10.0525,    0.983739907,  -3.86
Earth,   2026-01-17T00:00:00.00, 116 30 38.2633, -00  0  9.9868,    0.983807017,  -3.86
Earth,   2026-01-18T00:00:00.00, 117 31 44.9808, -00  0  9.9433,    0.983877913,  -3.86
Earth,   2026-01-19T00:00:00.00, 118 32 51.2085, -00  0  9.9193,    0.983952489,  -3.86
Earth,   2026-01-20T00:00:00.00, 119 33 56.8552, -00  0  9.9104,    0.984030677,  -3.86
Earth,   2026-01-21T00:00:00.00, 120 35  1.8274, -00  0  9.9115,    0.984112461,  -3.86
Earth,   2026-01-22T00:00:00.00, 121 36  6.0312, -00  0  9.9163,    0.984197879,  -3.86
Earth,   2026-01-23T00:00:00.00, 122 37  9.3755, -00  0  9.9179,    0.984287026,  -3.86
Earth,   2026-01-24T00:00:00.00, 123 38 11.7747, -00  0  9.9091,    0.984380055,  -3.86
Earth,   2026-01-25T00:00:00.00, 124 39 13.1518, -00  0  9.8827,    0.984477172,  -3.86
Earth,   2026-01-26T00:00:00.00, 125 40 13.4417, -00  0  9.8319,    0.984578629,  -3.86
Earth,   2026-01-27T00:00:00.00, 126 41 12.5933, -00  0  9.7510,    0.984684713,  -3.86
Earth,   2026-01-28T00:00:00.00, 127 42 10.5728, -00  0  9.6355,    0.984795729,  -3.86
Earth,   2026-01-29T00:00:00.00, 128 43  7.3643, -00  0  9.4832,    0.984911980,  -3.86
Earth,   2026-01-30T00:00:00.00, 129 44  2.9709, -00  0  9.2938,    0.985033745,  -3.86
Earth,   2026-01-31T00:00:00.00, 130 44 57.4124, -00  0  9.0693,    0.985161247,  -3.86
Earth,   2026-02-01T00:00:00.00, 131 45 50.7220, -00  0  8.8143,    0.985294634,  -3.86
Earth,   2026-02-02T00:00:00.00, 132 46 42.9406, -00  0  8.5349,    0.985433964,  -3.86
Earth,   2026-02-03T00:00:00.00, 133 47 34.1102, -00  0  8.2387,    0.985579197,  -3.86
Earth,   2026-02-04T00:00:00.00, 134 48 24.2682, -00  0  7.9337,    0.985730208,  -3.86
Earth,   2026-02-05T00:00:00.00, 135 49 13.4430, -00  0  7.6276,    0.985886800,  -3.86
Earth,   2026-02-06T00:00:00.00, 136 50  1.6518, -00  0  7.3277,    0.986048727,  -3.86
Earth,   2026-02-07T00:00:00.00, 137 50 48.8997, -00  0  7.0402,    0.986215712,  -3.86
Earth,   2026-02-08T00:00:00.00, 138 51 35.1809, -00  0  6.7701,    0.986387466,  -3.86
Earth,   2026-02-09T00:00:00.00, 139 52 20.4799, -00  0  6.5214,    0.986563693,  -3.86
Earth,   2026-02-10T00:00:00.00, 140 53  4.7726, -00  0  6.2969,    0.986744098,  -3.86
Earth,   2026-02-11T00:00:00.00, 141 53 48.0276, -00  0  6.0984,    0.986928393,  -3.86
Earth,   2026-02-12T00:00:00.00, 142 54 30.2065, -00  0  5.9265,    0.987116293,  -3.86
Earth,   2026-02-13T00:00:00.00, 143 55 11.2642, -00  0  5.7809,    0.987307521,  -3.86
Earth,   2026-02-14T00:00:00.00, 144 55 51.1486, -00  0  5.6602,    0.987501808,  -3.86
Earth,   2026-02-15T00:00:00.00, 145 56 29.7997, -00  0  5.5618,    0.987698898,  -3.86
Earth,   2026-02-16T00:00:00.00, 146 57  7.1497, -00  0  5.4818,    0.987898559,  -3.86
Earth,   2026-02-17T00:00:00.00, 147 57 43.1227, -00  0  5.4152,    0.988100589,  -3.86
Earth,   2026-02-18T00:00:00.00, 148 58 17.6360, -00  0  5.3560,    0.988304833,  -3.86
Earth,   2026-02-19T00:00:00.00, 149 58 50.6018, -00  0  5.2970,    0.988511192,  -3.86
Earth,   2026-02-20T00:00:00.00, 150 59 21.9304, -00  0  5.2307,    0.988719638,  -3.86
Earth,   2026-02-21T00:00:00.00, 151 59 51.5342, -00  0  5.1496,    0.988930212,  -3.86
Earth,   2026-02-22T00:00:00.00, 153  0 19.3322, -00  0  5.0466,    0.989143032,  -3.86
Earth,   2026-02-23T00:00:00.00, 154  0 45.2537, -00  0  4.9158,    0.989358276,  -3.86
Earth,   2026-02-24T00:00:00.00, 155  1  9.2424, -00  0  4.7526,    0.989576177,  -3.86
Earth,   2026-02-25T00:00:00.00, 156  1 31.2586, -00  0  4.5545,    0.989796995,  -3.86
Earth,   2026-02-26T00:00:00.00, 157  1 51.2805, -00  0  4.3211,    0.990021006,  -3.86
Earth,   2026-02-27T00:00:00.00, 158  2  9.3044, -00  0  4.0542,    0.990248475,  -3.86
Earth,   2026-02-28T00:00:00.00, 159  2 25.3437, -00  0  3.7574,    0.990479635,  -3.86
Earth,   2026-03-01T00:00:00.00, 160  2 39.4266, -00  0  3.4363,    0.990714667,  -3.86
Earth,   2026-03-02T00:00:00.00, 161  2 51.5925, -00  0  3.0977,    0.990953689,  -3.86
Earth,   2026-03-03T00:00:00.00, 162  3  1.8876, -00  0  2.7491,    0.991196739,  -3.86
Earth,   2026-03-04T00:00:00.00, 163  3 10.3606, -00  0  2.3984,    0.991443780,  -3.86
Earth,   2026-03-05T00:00:00.00, 164  3 17.0582, -00  0  2.0529,    0.991694701,  -3.86
Earth,   2026-03-06T00:00:00.00, 165  3 22.0219, -00  0  1.7194,    0.991949329,  -3.86
Earth,   2026-03-07T00:00:00.00, 166  3 25.2856, -00  0  1.4035,    0.992207442,  -3.86
Earth,   2026-03-08T00:00:00.00, 167  3 26.8751, -00  0  1.1096,    0.992468784,  -3.86
Earth,   2026-03-09T00:00:00.00, 168  3 26.8077, -00  0  0.8409,    0.992733075,  -3.86
Earth,   2026-03-10T00:00:00.00, 169  3 25.0929, -00  0  0.5996,    0.993000022,  -3.86
Earth,   2026-03-11T00:00:00.00, 170  3 21.7328, -00  0  0.3866,    0.993269320,  -3.86
Earth,   2026-03-12T00:00:00.00, 171  3 16.7227, -00  0  0.2018,    0.993540658,  -3.86
Earth,   2026-03-13T00:00:00.00, 172  3 10.0514, -00  0  0.0441,    0.993813721,  -3.86
Earth,   2026-03-14T00:00:00.00, 173  3  1.7001, +00  0  0.0887,    0.994088189,  -3.86
Earth,   2026-03-15T00:00:00.00, 174  2 51.6422, +00  0  0.2000,    0.994363740,  -3.86
Earth,   2026-03-16T00:00:00.00, 175  2 39.8421, +00  0  0.2942,    0.994640058,  -3.86
Earth,   2026-03-17T00:00:00.00, 176  2 26.2537, +00  0  0.3769,    0.994916839,  -3.86
Earth,   2026-03-18T00:00:00.00, 177  2 10.8200, +00  0  0.4547,    0.995193809,  -3.86
Earth,   2026-03-19T00:00:00.00, 178  1 53.4737, +00  0  0.5352,    0.995470741,  -3.86
Earth,   2026-03-20T00:00:00.00, 179  1 34.1393, +00  0  0.6262,    0.995747472,  -3.86
Earth,   2026-03-21T00:00:00.00, 180  1 12.7371, +00  0  0.7352,    0.996023925,  -3.86
Earth,   2026-03-22T00:00:00.00, 181  0 49.1888, +00  0  0.8689,    0.996300112,  -3.86
Earth,   2026-03-23T00:00:00.00, 182  0 23.4233, +00  0  1.0323,    0.996576133,  -3.86
Earth,   2026-03-24T00:00:00.00, 182 59 55.3823, +00  0  1.2283,    0.996852166,  -3.86
Earth,   2026-03-25T00:00:00.00, 183 59 25.0241, +00  0  1.4578,    0.997128437,  -3.86
Earth,   2026-03-26T00:00:00.00, 184 58 52.3255, +00  0  1.7191,    0.997405206,  -3.86
Earth,   2026-03-27T00:00:00.00, 185 58 17.2821, +00  0  2.0088,    0.997682734,  -3.86
Earth,   2026-03-28T00:00:00.00, 186 57 39.9066, +00  0  2.3217,    0.997961262,  -3.86
Earth,   2026-03-29T00:00:00.00, 187 57  0.2270, +00  0  2.6514,    0.998240999,  -3.86
Earth,   2026-03-30T00:00:00.00, 188 56 18.2837, +00  0  2.9909,    0.998522106,  -3.86
Earth,   2026-03-31T00:00:00.00, 189 55 34.1265, +00  0  3.3328,    0.998804684,  -3.86
Earth,   2026-04-01T00:00:00.00, 190 54 47.8112, +00  0  3.6699,    0.999088775,  -3.86
Earth,   2026-04-02T00:00:00.00, 191 53 59.3966, +00  0  3.9956,    0.999374358,  -3.86
Earth,   2026-04-03T00:00:00.00, 192 53  8.9412, +00  0  4.3041,    0.999661353,  -3.86
Earth,   2026-04-04T00:00:00.00, 193 52 16.5013, +00  0  4.5908,    0.999949627,  -3.86
Earth,   2026-04-05T00:00:00.00, 194 51 22.1291, +00  0  4.8520,    1.000239002,  -3.86
Earth,   2026-04-06T00:00:00.00, 195 50 25.8712, +00  0  5.0854,    1.000529264,  -3.86
Earth,   2026-04-07T00:00:00.00, 196 49 27.7686, +00  0  5.2897,    1.000820169,  -3.86
Earth,   2026-04-08T00:00:00.00, 197 48 27.8563, +00  0  5.4648,    1.001111449,  -3.86
Earth,   2026-04-09T00:00:00.00, 198 47 26.1631, +00  0  5.6117,    1.001402821,  -3.86
Earth,   2026-04-10T00:00:00.00, 199 46 22.7118, +00  0  5.7323,    1.001693980,  -3.86
Earth,   2026-04-11T00:00:00.00, 200 45 17.5188, +00  0  5.8295,    1.001984611,  -3.86
Earth,   2026-04-12T00:00:00.00, 201 44 10.5930, +00  0  5.9073,    1.002274379,  -3.86
Earth,   2026-04-13T00:00:00.00, 202 43  1.9345, +00  0  5.9707,    1.002562942,  -3.86
Earth,   2026-04-14T00:00:00.00, 203 41 51.5330, +00  0  6.0255,    1.002849949,  -3.86
Earth,   2026-04-15T00:00:00.00, 204 40 39.3657, +00  0  6.0788,    1.003135055,  -3.86
Earth,   2026-04-16T00:00:00.00, 205 39 25.3956, +00  0  6.1378,    1.003417937,  -3.86
Earth,   2026-04-17T00:00:00.00, 206 38  9.5724, +00  0  6.2104,    1.003698321,  -3.86
Earth,   2026-04-18T00:00:00.00, 207 36 51.8339, +00  0  6.3036,    1.003976006,  -3.86
Earth,   2026-04-19T00:00:00.00, 208 35 32.1113, +00  0  6.4233,    1.004250887,  -3.86
Earth,   2026-04-20T00:00:00.00, 209 34 10.3366, +00  0  6.5733,    1.004522966,  -3.86
Earth,   2026-04-21T00:00:00.00, 210 32 46.4495, +00  0  6.7552,    1.004792348,  -3.86
Earth,   2026-04-22T00:00:00.00, 211 31 20.4045, +00  0  6.9677,    1.005059221,  -3.86
Earth,   2026-04-23T00:00:00.00, 212 29 52.1744, +00  0  7.2077,    1.005323829,  -3.86
Earth,   2026-04-24T00:00:00.00, 213 28 21.7518, +00  0  7.4698,    1.005586438,  -3.86
Earth,   2026-04-25T00:00:00.00, 214 26 49.1475, +00  0  7.7479,    1.005847311,  -3.86
Earth,   2026-04-26T00:00:00.00, 215 25 14.3888, +00  0  8.0348,    1.006106689,  -3.86
Earth,   2026-04-27T00:00:00.00, 216 23 37.5164, +00  0  8.3235,    1.006364778,  -3.86
Earth,   2026-04-28T00:00:00.00, 217 21 58.5811, +00  0  8.6070,    1.006621739,  -3.86
Earth,   2026-04-29T00:00:00.00, 218 20 17.6420, +00  0  8.8791,    1.006877685,  -3.86
Earth,   2026-04-30T00:00:00.00, 219 18 34.7634, +00  0  9.1340,    1.007132682,  -3.86
Earth,   2026-05-01T00:00:00.00, 220 16 50.0129, +00  0  9.3671,    1.007386743,  -3.86
Earth,   2026-05-02T00:00:00.00, 221 15  3.4596, +00  0  9.5748,    1.007639836,  -3.86
Earth,   2026-05-03T00:00:00.00, 222 13 15.1721, +00  0  9.7546,    1.007891883,  -3.86
Earth,   2026-05-04T00:00:00.00, 223 11 25.2173, +00  0  9.9052,    1.008142763,  -3.86
Earth,   2026-05-05T00:00:00.00, 224  9 33.6592, +00  0 10.0263,    1.008392320,  -3.86
Earth,   2026-05-06T00:00:00.00, 225  7 40.5580, +00  0 10.1187,    1.008640365,  -3.86
Earth,   2026-05-07T00:00:00.00, 226  5 45.9698, +00  0 10.1843,    1.008886679,  -3.86
Earth,   2026-05-08T00:00:00.00, 227  3 49.9458, +00  0 10.2258,    1.009131016,  -3.86
Earth,   2026-05-09T00:00:00.00, 228  1 52.5317, +00  0 10.2471,    1.009373103,  -3.86
Earth,   2026-05-10T00:00:00.00, 228 59 53.7671, +00  0 10.2525,    1.009612646,  -3.86
Earth,   2026-05-11T00:00:00.00, 229 57 53.6840, +00  0 10.2477,    1.009849323,  -3.86
Earth,   2026-05-12T00:00:00.00, 230 55 52.3049, +00  0 10.2387,    1.010082791,  -3.86
Earth,   2026-05-13T00:00:00.00, 231 53 49.6405, +00  0 10.2324,    1.010312692,  -3.86
Earth,   2026-05-14T00:00:00.00, 232 51 45.6871, +00  0 10.2360,    1.010538666,  -3.86
Earth,   2026-05-15T00:00:00.00, 233 49 40.4245, +00  0 10.2565,    1.010760369,  -3.86
Earth,   2026-05-16T00:00:00.00, 234 47 33.8158, +00  0 10.3003,    1.010977505,  -3.86
Earth,   2026-05-17T00:00:00.00, 235 45 25.8101, +00  0 10.3721,    1.011189859,  -3.86
Earth,   2026-05-18T00:00:00.00, 236 43 16.3479, +00  0 10.4743,    1.011397318,  -3.86
Earth,   2026-05-19T00:00:00.00, 237 41  5.3696, +00  0 10.6068,    1.011599891,  -3.86
Earth,   2026-05-20T00:00:00.00, 238 38 52.8241, +00  0 10.7667,    1.011797698,  -3.86
Earth,   2026-05-21T00:00:00.00, 239 36 38.6757, +00  0 10.9492,    1.011990945,  -3.86
Earth,   2026-05-22T00:00:00.00, 240 34 22.9078, +00  0 11.1477,    1.012179895,  -3.86
Earth,   2026-05-23T00:00:00.00, 241 32  5.5233, +00  0 11.3548,    1.012364828,  -3.86
Earth,   2026-05-24T00:00:00.00, 242 29 46.5429, +00  0 11.5632,    1.012546022,  -3.86
Earth,   2026-05-25T00:00:00.00, 243 27 26.0020, +00  0 11.7659,    1.012723730,  -3.86
Earth,   2026-05-26T00:00:00.00, 244 25  3.9479, +00  0 11.9565,    1.012898174,  -3.86
Earth,   2026-05-27T00:00:00.00, 245 22 40.4371, +00  0 12.1294,    1.013069539,  -3.86
Earth,   2026-05-28T00:00:00.00, 246 20 15.5330, +00  0 12.2802,    1.013237968,  -3.86
Earth,   2026-05-29T00:00:00.00, 247 17 49.3042, +00  0 12.4053,    1.013403567,  -3.86
Earth,   2026-05-30T00:00:00.00, 248 15 21.8234, +00  0 12.5023,    1.013566401,  -3.86
Earth,   2026-05-31T00:00:00.00, 249 12 53.1654, +00  0 12.5698,    1.013726498,  -3.86
Earth,   2026-06-01T00:00:00.00, 250 10 23.4065, +00  0 12.6075,    1.013883843,  -3.86
Earth,   2026-06-02T00:00:00.00, 251  7 52.6234, +00  0 12.6163,    1.014038386,  -3.86
Earth,   2026-06-03T00:00:00.00, 252  5 20.8916, +00  0 12.5980,    1.014190037,  -3.86
Earth,   2026-06-04T00:00:00.00, 253  2 48.2848, +00  0 12.5553,    1.014338671,  -3.86
Earth,   2026-06-05T00:00:00.00, 254  0 14.8738, +00  0 12.4920,    1.014484126,  -3.86
Earth,   2026-06-06T00:00:00.00, 254 57 40.7258, +00  0 12.4125,    1.014626208,  -3.86
Earth,   2026-06-07T00:00:00.00, 255 55  5.9028, +00  0 12.3221,    1.014764686,  -3.86
Earth,   2026-06-08T00:00:00.00, 256 52 30.4608, +00  0 12.2267,    1.014899298,  -3.86
Earth,   2026-06-09T00:00:00.00, 257 49 54.4479, +00  0 12.1327,    1.015029747,  -3.86
Earth,   2026-06-10T00:00:00.00, 258 47 17.9018, +00  0 12.0467,    1.015155707,  -3.86
Earth,   2026-06-11T00:00:00.00, 259 44 40.8470, +00  0 11.9754,    1.015276828,  -3.86
Earth,   2026-06-12T00:00:00.00, 260 42  3.2920, +00  0 11.9250,    1.015392755,  -3.86
Earth,   2026-06-13T00:00:00.00, 261 39 25.2273, +00  0 11.9007,    1.015503148,  -3.86
Earth,   2026-06-14T00:00:00.00, 262 36 46.6247, +00  0 11.9057,    1.015607712,  -3.86
Earth,   2026-06-15T00:00:00.00, 263 34  7.4406, +00  0 11.9411,    1.015706239,  -3.86
Earth,   2026-06-16T00:00:00.00, 264 31 27.6222, +00  0 12.0050,    1.015798629,  -3.86
Earth,   2026-06-17T00:00:00.00, 265 28 47.1162, +00  0 12.0932,    1.015884904,  -3.86
Earth,   2026-06-18T00:00:00.00, 266 26  5.8776, +00  0 12.1993,    1.015965200,  -3.86
Earth,   2026-06-19T00:00:00.00, 267 23 23.8765, +00  0 12.3157,    1.016039740,  -3.86
Earth,   2026-06-20T00:00:00.00, 268 20 41.1008, +00  0 12.4345,    1.016108798,  -3.86
Earth,   2026-06-21T00:00:00.00, 269 17 57.5572, +00  0 12.5480,    1.016172673,  -3.86
Earth,   2026-06-22T00:00:00.00, 270 15 13.2681, +00  0 12.6493,    1.016231656,  -3.86
Earth,   2026-06-23T00:00:00.00, 271 12 28.2697, +00  0 12.7327,    1.016286024,  -3.86
Earth,   2026-06-24T00:00:00.00, 272  9 42.6086, +00  0 12.7936,    1.016336026,  -3.86
Earth,   2026-06-25T00:00:00.00, 273  6 56.3401, +00  0 12.8283,    1.016381880,  -3.86
Earth,   2026-06-26T00:00:00.00, 274  4  9.5260, +00  0 12.8344,    1.016423776,  -3.86
Earth,   2026-06-27T00:00:00.00, 275  1 22.2335, +00  0 12.8107,    1.016461871,  -3.86
Earth,   2026-06-28T00:00:00.00, 275 58 34.5345, +00  0 12.7568,    1.016496293,  -3.86
Earth,   2026-06-29T00:00:00.00, 276 55 46.5045, +00  0 12.6735,    1.016527133,  -3.86
Earth,   2026-06-30T00:00:00.00, 277 52 58.2221, +00  0 12.5627,    1.016554452,  -3.86
Earth,   2026-07-01T00:00:00.00, 278 50  9.7677, +00  0 12.4270,    1.016578272,  -3.86
Earth,   2026-07-02T00:00:00.00, 279 47 21.2230, +00  0 12.2703,    1.016598574,  -3.86
Earth,   2026-07-03T00:00:00.00, 280 44 32.6690, +00  0 12.0972,    1.016615302,  -3.86
Earth,   2026-07-04T00:00:00.00, 281 41 44.1855, +00  0 11.9128,    1.016628354,  -3.86
Earth,   2026-07-05T00:00:00.00, 282 38 55.8491, +00  0 11.7232,    1.016637588,  -3.86
Earth,   2026-07-06T00:00:00.00, 283 36  7.7316, +00  0 11.5345,    1.016642818,  -3.86
Earth,   2026-07-07T00:00:00.00, 284 33 19.8984, +00  0 11.3534,    1.016643815,  -3.86
Earth,   2026-07-08T00:00:00.00, 285 30 32.4060, +00  0 11.1862,    1.016640310,  -3.86
Earth,   2026-07-09T00:00:00.00, 286 27 45.2995, +00  0 11.0390,    1.016631998,  -3.86
Earth,   2026-07-10T00:00:00.00, 287 24 58.6091, +00  0 10.9168,    1.016618550,  -3.86
Earth,   2026-07-11T00:00:00.00, 288 22 12.3481, +00  0 10.8233,    1.016599629,  -3.86
Earth,   2026-07-12T00:00:00.00, 289 19 26.5106, +00  0 10.7603,    1.016574916,  -3.86
Earth,   2026-07-13T00:00:00.00, 290 16 41.0720, +00  0 10.7273,    1.016544143,  -3.86
Earth,   2026-07-14T00:00:00.00, 291 13 55.9924, +00  0 10.7209,    1.016507123,  -3.86
Earth,   2026-07-15T00:00:00.00, 292 11 11.2227, +00  0 10.7357,    1.016463781,  -3.86
Earth,   2026-07-16T00:00:00.00, 293  8 26.7134, +00  0 10.7642,    1.016414154,  -3.86
Earth,   2026-07-17T00:00:00.00, 294  5 42.4222, +00  0 10.7983,    1.016358391,  -3.86
Earth,   2026-07-18T00:00:00.00, 295  2 58.3199, +00  0 10.8296,    1.016296718,  -3.86
Earth,   2026-07-19T00:00:00.00, 296  0 14.3930, +00  0 10.8504,    1.016229417,  -3.86
Earth,   2026-07-20T00:00:00.00, 296 57 30.6443, +00  0 10.8543,    1.016156792,  -3.86
Earth,   2026-07-21T00:00:00.00, 297 54 47.0907, +00  0 10.8360,    1.016079150,  -3.86
Earth,   2026-07-22T00:00:00.00, 298 52  3.7613, +00  0 10.7916,    1.015996789,  -3.86
Earth,   2026-07-23T00:00:00.00, 299 49 20.6948, +00  0 10.7185,    1.015909987,  -3.86
Earth,   2026-07-24T00:00:00.00, 300 46 37.9379, +00  0 10.6152,    1.015819004,  -3.86
Earth,   2026-07-25T00:00:00.00, 301 43 55.5442, +00  0 10.4815,    1.015724076,  -3.86
Earth,   2026-07-26T00:00:00.00, 302 41 13.5732, +00  0 10.3179,    1.015625419,  -3.86
Earth,   2026-07-27T00:00:00.00, 303 38 32.0900, +00  0 10.1262,    1.015523223,  -3.86
Earth,   2026-07-28T00:00:00.00, 304 35 51.1646, +00  0  9.9092,    1.015417654,  -3.86
Earth,   2026-07-29T00:00:00.00, 305 33 10.8721, +00  0  9.6705,    1.015308844,  -3.86
Earth,   2026-07-30T00:00:00.00, 306 30 31.2913, +00  0  9.4147,    1.015196891,  -3.86
Earth,   2026-07-31T00:00:00.00, 307 27 52.5041, +00  0  9.1471,    1.015081850,  -3.86
Earth,   2026-08-01T00:00:00.00, 308 25 14.5940, +00  0  8.8738,    1.014963731,  -3.86
Earth,   2026-08-02T00:00:00.00, 309 22 37.6439, +00  0  8.6013,    1.014842492,  -3.86
Earth,   2026-08-03T00:00:00.00, 310 20  1.7343, +00  0  8.3361,    1.014718037,  -3.86
Earth,   2026-08-04T00:00:00.00, 311 17 26.9409, +00  0  8.0849,    1.014590218,  -3.86
Earth,   2026-08-05T00:00:00.00, 312 14 53.3316, +00  0  7.8535,    1.014458835,  -3.86
Earth,   2026-08-06T00:00:00.00, 313 12 20.9640, +00  0  7.6470,    1.014323642,  -3.86
Earth,   2026-08-07T00:00:00.00, 314  9 49.8826, +00  0  7.4694,    1.014184356,  -3.86
Earth,   2026-08-08T00:00:00.00, 315  7 20.1155, +00  0  7.3227,    1.014040673,  -3.86
Earth,   2026-08-09T00:00:00.00, 316  4 51.6732, +00  0  7.2070,    1.013892283,  -3.86
Earth,   2026-08-10T00:00:00.00, 317  2 24.5471, +00  0  7.1201,    1.013738903,  -3.86
Earth,   2026-08-11T00:00:00.00, 317 59 58.7107, +00  0  7.0575,    1.013580303,  -3.86
Earth,   2026-08-12T00:00:00.00, 318 57 34.1239, +00  0  7.0127,    1.013416332,  -3.86
Earth,   2026-08-13T00:00:00.00, 319 55 10.7382, +00  0  6.9778,    1.013246937,  -3.86
Earth,   2026-08-14T00:00:00.00, 320 52 48.5041, +00  0  6.9445,    1.013072173,  -3.86
Earth,   2026-08-15T00:00:00.00, 321 50 27.3778, +00  0  6.9046,    1.012892185,  -3.86
Earth,   2026-08-16T00:00:00.00, 322 48  7.3255, +00  0  6.8505,    1.012707198,  -3.86
Earth,   2026-08-17T00:00:00.00, 323 45 48.3263, +00  0  6.7764,    1.012517483,  -3.86
Earth,   2026-08-18T00:00:00.00, 324 43 30.3723, +00  0  6.6775,    1.012323341,  -3.86
Earth,   2026-08-19T00:00:00.00, 325 41 13.4678, +00  0  6.5507,    1.012125085,  -3.86
Earth,   2026-08-20T00:00:00.00, 326 38 57.6275, +00  0  6.3943,    1.011923025,  -3.86
Earth,   2026-08-21T00:00:00.00, 327 36 42.8751, +00  0  6.2077,    1.011717465,  -3.86
Earth,   2026-08-22T00:00:00.00, 328 34 29.2420, +00  0  5.9913,    1.011508697,  -3.86
Earth,   2026-08-23T00:00:00.00, 329 32 16.7663, +00  0  5.7468,    1.011297003,  -3.86
Earth,   2026-08-24T00:00:00.00, 330 30  5.4931, +00  0  5.4767,    1.011082652,  -3.86
Earth,   2026-08-25T00:00:00.00, 331 27 55.4737, +00  0  5.1845,    1.010865897,  -3.86
Earth,   2026-08-26T00:00:00.00, 332 25 46.7665, +00  0  4.8745,    1.010646971,  -3.86
Earth,   2026-08-27T00:00:00.00, 333 23 39.4365, +00  0  4.5521,    1.010426081,  -3.86
Earth,   2026-08-28T00:00:00.00, 334 21 33.5553, +00  0  4.2231,    1.010203397,  -3.86
Earth,   2026-08-29T00:00:00.00, 335 19 29.1996, +00  0  3.8943,    1.009979048,  -3.86
Earth,   2026-08-30T00:00:00.00, 336 17 26.4499, +00  0  3.5725,    1.009753104,  -3.86
Earth,   2026-08-31T00:00:00.00, 337 15 25.3878, +00  0  3.2644,    1.009525575,  -3.86
Earth,   2026-09-01T00:00:00.00, 338 13 26.0925, +00  0  2.9765,    1.009296406,  -3.86
Earth,   2026-09-02T00:00:00.00, 339 11 28.6376, +00  0  2.7140,    1.009065475,  -3.86
Earth,   2026-09-03T00:00:00.00, 340  9 33.0874, +00  0  2.4810,    1.008832600,  -3.86
Earth,   2026-09-04T00:00:00.00, 341  7 39.4935, +00  0  2.2798,    1.008597550,  -3.86
Earth,   2026-09-05T00:00:00.00, 342  5 47.8921, +00  0  2.1108,    1.008360058,  -3.86
Earth,   2026-09-06T00:00:00.00, 343  3 58.3022, +00  0  1.9721,    1.008119844,  -3.86
Earth,   2026-09-07T00:00:00.00, 344  2 10.7243, +00  0  1.8601,    1.007876632,  -3.86
Earth,   2026-09-08T00:00:00.00, 345  0 25.1413, +00  0  1.7691,    1.007630178,  -3.86
Earth,   2026-09-09T00:00:00.00, 345 58 41.5201, +00  0  1.6920,    1.007380292,  -3.86
Earth,   2026-09-10T00:00:00.00, 346 56 59.8157, +00  0  1.6209,    1.007126855,  -3.86
Earth,   2026-09-11T00:00:00.00, 347 55 19.9758, +00  0  1.5477,    1.006869836,  -3.86
Earth,   2026-09-12T00:00:00.00, 348 53 41.9467, +00  0  1.4648,    1.006609290,  -3.86
Earth,   2026-09-13T00:00:00.00, 349 52  5.6778, +00  0  1.3654,    1.006345354,  -3.86
Earth,   2026-09-14T00:00:00.00, 350 50 31.1258, +00  0  1.2442,    1.006078228,  -3.86
Earth,   2026-09-15T00:00:00.00, 351 48 58.2565, +00  0  1.0974,    1.005808163,  -3.86
Earth,   2026-09-16T00:00:00.00, 352 47 27.0456, +00  0  0.9227,    1.005535442,  -3.86
Earth,   2026-09-17T00:00:00.00, 353 45 57.4787, +00  0  0.7191,    1.005260363,  -3.86
Earth,   2026-09-18T00:00:00.00, 354 44 29.5501, +00  0  0.4869,    1.004983237,  -3.86
Earth,   2026-09-19T00:00:00.00, 355 43  3.2617, +00  0  0.2273,    1.004704377,  -3.86
Earth,   2026-09-20T00:00:00.00, 356 41 38.6231, -00  0  0.0571,    1.004424094,  -3.86
Earth,   2026-09-21T00:00:00.00, 357 40 15.6505, -00  0  0.3634,    1.004142702,  -3.86
Earth,   2026-09-22T00:00:00.00, 358 38 54.3673, -00  0  0.6872,    1.003860509,  -3.86
Earth,   2026-09-23T00:00:00.00, 359 37 34.8047, -00  0  1.0238,    1.003577819,  -3.86
Earth,   2026-09-24T00:00:00.00,   0 36 17.0021, -00  0  1.3674,    1.003294924,  -3.86
Earth,   2026-09-25T00:00:00.00,   1 35  1.0084, -00  0  1.7115,    1.003012096,  -3.86
Earth,   2026-09-26T00:00:00.00,   2 33 46.8815, -00  0  2.0493,    1.002729573,  -3.86
Earth,   2026-09-27T00:00:00.00,   3 32 34.6878, -00  0  2.3739,    1.002447549,  -3.86
Earth,   2026-09-28T00:00:00.00,   4 31 24.4998, -00  0  2.6784,    1.002166149,  -3.86
Earth,   2026-09-29T00:00:00.00,   5 30 16.3932, -00  0  2.9570,    1.001885426,  -3.86
Earth,   2026-09-30T00:00:00.00,   6 29 10.4412, -00  0  3.2052,    1.001605351,  -3.86
Earth,   2026-10-01T00:00:00.00,   7 28  6.7105, -00  0  3.4203,    1.001325815,  -3.86
Earth,   2026-10-02T00:00:00.00,   8 27  5.2560, -00  0  3.6018,    1.001046640,  -3.86
Earth,   2026-10-03T00:00:00.00,   9 26  6.1170, -00  0  3.7511,    1.000767597,  -3.86
Earth,   2026-10-04T00:00:00.00,  10 25  9.3158, -00  0  3.8720,    1.000488429,  -3.86
Earth,   2026-10-05T00:00:00.00,  11 24 14.8557, -00  0  3.9697,    1.000208872,  -3.86
Earth,   2026-10-06T00:00:00.00,  12 23 22.7228, -00  0  4.0508,    0.999928677,  -3.86
Earth,   2026-10-07T00:00:00.00,  13 22 32.8865, -00  0  4.1227,    0.999647631,  -3.86
Earth,   2026-10-08T00:00:00.00,  14 21 45.3031, -00  0  4.1933,    0.999365572,  -3.86
Earth,   2026-10-09T00:00:00.00,  15 20 59.9184, -00  0  4.2698,    0.999082400,  -3.86
Earth,   2026-10-10T00:00:00.00,  16 20 16.6723, -00  0  4.3591,    0.998798088,  -3.86
Earth,   2026-10-11T00:00:00.00,  17 19 35.5021, -00  0  4.4667,    0.998512678,  -3.86
Earth,   2026-10-12T00:00:00.00,  18 18 56.3465, -00  0  4.5969,    0.998226275,  -3.86
Earth,   2026-10-13T00:00:00.00,  19 18 19.1480, -00  0  4.7526,    0.997939045,  -3.86
Earth,   2026-10-14T00:00:00.00,  20 17 43.8554, -00  0  4.9350,    0.997651196,  -3.86
Earth,   2026-10-15T00:00:00.00,  21 17 10.4242, -00  0  5.1443,    0.997362972,  -3.86
Earth,   2026-10-16T00:00:00.00,  22 16 38.8170, -00  0  5.3793,    0.997074642,  -3.86
Earth,   2026-10-17T00:00:00.00,  23 16  9.0036, -00  0  5.6378,    0.996786493,  -3.86
Earth,   2026-10-18T00:00:00.00,  24 15 40.9604, -00  0  5.9169,    0.996498822,  -3.86
Earth,   2026-10-19T00:00:00.00,  25 15 14.6701, -00  0  6.2126,    0.996211941,  -3.86
Earth,   2026-10-20T00:00:00.00,  26 14 50.1225, -00  0  6.5203,    0.995926167,  -3.86
Earth,   2026-10-21T00:00:00.00,  27 14 27.3144, -00  0  6.8346,    0.995641830,  -3.86
Earth,   2026-10-22T00:00:00.00,  28 14  6.2512, -00  0  7.1495,    0.995359261,  -3.86
Earth,   2026-10-23T00:00:00.00,  29 13 46.9486, -00  0  7.4585,    0.995078792,  -3.86
Earth,   2026-10-24T00:00:00.00,  30 13 29.4336, -00  0  7.7548,    0.994800744,  -3.86
Earth,   2026-10-25T00:00:00.00,  31 13 13.7454, -00  0  8.0314,    0.994525411,  -3.86
Earth,   2026-10-26T00:00:00.00,  32 12 59.9357, -00  0  8.2821,    0.994253034,  -3.86
Earth,   2026-10-27T00:00:00.00,  33 12 48.0654, -00  0  8.5017,    0.993983787,  -3.86
Earth,   2026-10-28T00:00:00.00,  34 12 38.2004, -00  0  8.6869,    0.993717752,  -3.86
Earth,   2026-10-29T00:00:00.00,  35 12 30.4052, -00  0  8.8364,    0.993454911,  -3.86
Earth,   2026-10-30T00:00:00.00,  36 12 24.7361, -00  0  8.9516,    0.993195154,  -3.86
Earth,   2026-10-31T00:00:00.00,  37 12 21.2351, -00  0  9.0359,    0.992938293,  -3.86
Earth,   2026-11-01T00:00:00.00,  38 12 19.9266, -00  0  9.0948,    0.992684090,  -3.86
Earth,   2026-11-02T00:00:00.00,  39 12 20.8155, -00  0  9.1350,    0.992432281,  -3.86
Earth,   2026-11-03T00:00:00.00,  40 12 23.8879, -00  0  9.1641,    0.992182607,  -3.86
Earth,   2026-11-04T00:00:00.00,  41 12 29.1134, -00  0  9.1895,    0.991934827,  -3.86
Earth,   2026-11-05T00:00:00.00,  42 12 36.4469, -00  0  9.2185,    0.991688740,  -3.86
Earth,   2026-11-06T00:00:00.00,  43 12 45.8321, -00  0  9.2577,    0.991444188,  -3.86
Earth,   2026-11-07T00:00:00.00,  44 12 57.2043, -00  0  9.3126,    0.991201068,  -3.86
Earth,   2026-11-08T00:00:00.00,  45 13 10.4928, -00  0  9.3875,    0.990959331,  -3.86
Earth,   2026-11-09T00:00:00.00,  46 13 25.6242, -00  0  9.4853,    0.990718983,  -3.86
Earth,   2026-11-10T00:00:00.00,  47 13 42.5244, -00  0  9.6077,    0.990480084,  -3.86
Earth,   2026-11-11T00:00:00.00,  48 14  1.1207, -00  0  9.7549,    0.990242740,  -3.86
Earth,   2026-11-12T00:00:00.00,  49 14 21.3436, -00  0  9.9260,    0.990007102,  -3.86
Earth,   2026-11-13T00:00:00.00,  50 14 43.1280, -00  0 10.1189,    0.989773353,  -3.86
Earth,   2026-11-14T00:00:00.00,  51 15  6.4133, -00  0 10.3306,    0.989541709,  -3.86
Earth,   2026-11-15T00:00:00.00,  52 15 31.1443, -00  0 10.5573,    0.989312407,  -3.86
Earth,   2026-11-16T00:00:00.00,  53 15 57.2713, -00  0 10.7945,    0.989085709,  -3.86
Earth,   2026-11-17T00:00:00.00,  54 16 24.7500, -00  0 11.0369,    0.988861894,  -3.86
Earth,   2026-11-18T00:00:00.00,  55 16 53.5428, -00  0 11.2790,    0.988641261,  -3.86
Earth,   2026-11-19T00:00:00.00,  56 17 23.6192, -00  0 11.5145,    0.988424128,  -3.86
Earth,   2026-11-20T00:00:00.00,  57 17 54.9579, -00  0 11.7371,    0.988210830,  -3.86
Earth,   2026-11-21T00:00:00.00,  58 18 27.5490, -00  0 11.9401,    0.988001709,  -3.86
Earth,   2026-11-22T00:00:00.00,  59 19  1.3960, -00  0 12.1173,    0.987797111,  -3.86
Earth,   2026-11-23T00:00:00.00,  60 19 36.5179, -00  0 12.2632,    0.987597357,  -3.86
Earth,   2026-11-24T00:00:00.00,  61 20 12.9495, -00  0 12.3737,    0.987402722,  -3.86
Earth,   2026-11-25T00:00:00.00,  62 20 50.7385, -00  0 12.4466,    0.987213405,  -3.86
Earth,   2026-11-26T00:00:00.00,  63 21 29.9402, -00  0 12.4825,    0.987029502,  -3.86
Earth,   2026-11-27T00:00:00.00,  64 22 10.6096, -00  0 12.4844,    0.986850996,  -3.86
Earth,   2026-11-28T00:00:00.00,  65 22 52.7927, -00  0 12.4578,    0.986677762,  -3.86
Earth,   2026-11-29T00:00:00.00,  66 23 36.5201, -00  0 12.4099,    0.986509589,  -3.86
Earth,   2026-11-30T00:00:00.00,  67 24 21.8027, -00  0 12.3487,    0.986346217,  -3.86
Earth,   2026-12-01T00:00:00.00,  68 25  8.6316, -00  0 12.2824,    0.986187360,  -3.86
Earth,   2026-12-02T00:00:00.00,  69 25 56.9794, -00  0 12.2187,    0.986032743,  -3.86
Earth,   2026-12-03T00:00:00.00,  70 26 46.8032, -00  0 12.1642,    0.985882109,  -3.86
Earth,   2026-12-04T00:00:00.00,  71 27 38.0474, -00  0 12.1245,    0.985735238,  -3.86
Earth,   2026-12-05T00:00:00.00,  72 28 30.6468, -00  0 12.1039,    0.985591949,  -3.86
Earth,   2026-12-06T00:00:00.00,  73 29 24.5288, -00  0 12.1053,    0.985452103,  -3.86
Earth,   2026-12-07T00:00:00.00,  74 30 19.6154, -00  0 12.1304,    0.985315605,  -3.86
Earth,   2026-12-08T00:00:00.00,  75 31 15.8251, -00  0 12.1796,    0.985182402,  -3.86
Earth,   2026-12-09T00:00:00.00,  76 32 13.0744, -00  0 12.2519,    0.985052483,  -3.86
Earth,   2026-12-10T00:00:00.00,  77 33 11.2793, -00  0 12.3454,    0.984925879,  -3.86
Earth,   2026-12-11T00:00:00.00,  78 34 10.3566, -00  0 12.4572,    0.984802658,  -3.86
Earth,   2026-12-12T00:00:00.00,  79 35 10.2252, -00  0 12.5835,    0.984682926,  -3.86
Earth,   2026-12-13T00:00:00.00,  80 36 10.8067, -00  0 12.7195,    0.984566821,  -3.86
Earth,   2026-12-14T00:00:00.00,  81 37 12.0264, -00  0 12.8603,    0.984454513,  -3.86
Earth,   2026-12-15T00:00:00.00,  82 38 13.8140, -00  0 13.0002,    0.984346198,  -3.86
Earth,   2026-12-16T00:00:00.00,  83 39 16.1042, -00  0 13.1332,    0.984242105,  -3.86
Earth,   2026-12-17T00:00:00.00,  84 40 18.8377, -00  0 13.2533,    0.984142486,  -3.86
Earth,   2026-12-18T00:00:00.00,  85 41 21.9629, -00  0 13.3542,    0.984047623,  -3.86
Earth,   2026-12-19T00:00:00.00,  86 42 25.4375, -00  0 13.4299,    0.983957825,  -3.86
Earth,   2026-12-20T00:00:00.00,  87 43 29.2319, -00  0 13.4750,    0.983873420,  -3.86
Earth,   2026-12-21T00:00:00.00,  88 44 33.3314, -00  0 13.4852,    0.983794743,  -3.86
Earth,   2026-12-22T00:00:00.00,  89 45 37.7392, -00  0 13.4575,    0.983722118,  -3.86
Earth,   2026-12-23T00:00:00.00,  90 46 42.4770, -00  0 13.3913,    0.983655824,  -3.86
Earth,   2026-12-24T00:00:00.00,  91 47 47.5824, -00  0 13.2886,    0.983596065,  -3.86
Earth,   2026-12-25T00:00:00.00,  92 48 53.1033, -00  0 13.1542,    0.983542934,  -3.86
Earth,   2026-12-26T00:00:00.00,  93 49 59.0888, -00  0 12.9950,    0.983496405,  -3.86
Earth,   2026-12-27T00:00:00.00,  94 51  5.5801, -00  0 12.8197,    0.983456333,  -3.86
Earth,   2026-12-28T00:00:00.00,  95 52 12.6029, -00  0 12.6373,    0.983422485,  -3.86
Earth,   2026-12-29T00:00:00.00,  96 53 20.1638, -00  0 12.4565,    0.983394571,  -3.86
Earth,   2026-12-30T00:00:00.00,  97 54 28.2499, -00  0 12.2848,    0.983372278,  -3.86
Earth,   2026-12-31T00:00:00.00,  98 55 36.8311, -00  0 12.1285,    0.983355298,  -3.86
Earth,   2027-01-01T00:00:00.00,  99 56 45.8628, -00  0 11.9921,    0.983343340,  -3.86
Earth,   2027-01-02T00:00:00.00, 100 57 55.2891, -00  0 11.8787,    0.983336147,  -3.86
Earth,   2027-01-03T00:00:00.00, 101 59  5.0455, -00  0 11.7899,    0.983333488,  -3.86
Earth,   2027-01-04T00:00:00.00, 103  0 15.0608, -00  0 11.7262,    0.983335169,  -3.86
Earth,   2027-01-05T00:00:00.00, 104  1 25.2586, -00  0 11.6867,    0.983341030,  -3.86