# Miriade.ephemcc.results
# Request:
# targetType: Planet, targetNumber: 7, targetName: Uranus, Diameter: 50724.00 km, Orbital period: 3.06884800E+04 d, Time_Scale: UTC, Planetary_Theory: INPOP13C, Coordinates: Ecliptic, frameType: Astrometric J2000, frameCentre: Heliocenter
# Nb rows: 1000
Target, Date, Longitude ("d:m:s"), Latitude ("d:m:s"), Distance (au), H
Uranus,   2024-04-11T00:00:00.00,  52 24 24.0035, -00 17  4.4513,   19.597173153,  -7.19
Uranus,   2024-04-12T00:00:00.00,  52 25  4.5524, -00 17  3.9435,   19.597010838,  -7.19
Uranus,   2024-04-13T00:00:00.00,  52 25 45.1020, -00 17  3.4356,   19.596848497,  -7.19
Uranus,   2024-04-14T00:00:00.00,  52 26 25.6523, -00 17  2.9277,   19.596686130,  -7.19
Uranus,   2024-04-15T00:00:00.00,  52 27  6.2032, -00 17  2.4198,   19.596523737,  -7.19
Uranus,   2024-04-16T00:00:00.00,  52 27 46.7548, -00 17  1.9117,   19.596361319,  -7.19
Uranus,   2024-04-17T00:00:00.00,  52 28 27.3072, -00 17  1.4037,   19.596198875,  -7.19
Uranus,   2024-04-18T00:00:00.00,  52 29  7.8601, -00 17  0.8956,   19.596036405,  -7.19
Uranus,   2024-04-19T00:00:00.00,  52 29 48.4138, -00 17  0.3874,   19.595873909,  -7.19
Uranus,   2024-04-20T00:00:00.00,  52 30 28.9682, -00 16 59.8792,   19.595711387,  -7.19
Uranus,   2024-04-21T00:00:00.00,  52 31  9.5232, -00 16 59.3709,   19.595548839,  -7.19
Uranus,   2024-04-22T00:00:00.00,  52 31 50.0789, -00 16 58.8626,   19.595386265,  -7.19
Uranus,   2024-04-23T00:00:00.00,  52 32 30.6353, -00 16 58.3543,   19.595223666,  -7.19
Uranus,   2024-04-24T00:00:00.00,  52 33 11.1924, -00 16 57.8458,   19.595061040,  -7.19
Uranus,   2024-04-25T00:00:00.00,  52 33 51.7502, -00 16 57.3374,   19.594898389,  -7.19
Uranus,   2024-04-26T00:00:00.00,  52 34 32.3086, -00 16 56.8289,   19.594735711,  -7.19
Uranus,   2024-04-27T00:00:00.00,  52 35 12.8678, -00 16 56.3203,   19.594573007,  -7.19
Uranus,   2024-04-28T00:00:00.00,  52 35 53.4276, -00 16 55.8117,   19.594410278,  -7.19
Uranus,   2024-04-29T00:00:00.00,  52 36 33.9881, -00 16 55.3030,   19.594247522,  -7.19
Uranus,   2024-04-30T00:00:00.00,  52 37 14.5492, -00 16 54.7943,   19.594084740,  -7.19
Uranus,   2024-05-01T00:00:00.00,  52 37 55.1111, -00 16 54.2855,   19.593921932,  -7.19
Uranus,   2024-05-02T00:00:00.00,  52 38 35.6736, -00 16 53.7767,   19.593759098,  -7.19
Uranus,   2024-05-03T00:00:00.00,  52 39 16.2368, -00 16 53.2679,   19.593596238,  -7.19
Uranus,   2024-05-04T00:00:00.00,  52 39 56.8007, -00 16 52.7590,   19.593433352,  -7.19
Uranus,   2024-05-05T00:00:00.00,  52 40 37.3653, -00 16 52.2500,   19.593270439,  -7.19
Uranus,   2024-05-06T00:00:00.00,  52 41 17.9306, -00 16 51.7410,   19.593107501,  -7.19
Uranus,   2024-05-07T00:00:00.00,  52 41 58.4965, -00 16 51.2319,   19.592944536,  -7.19
Uranus,   2024-05-08T00:00:00.00,  52 42 39.0631, -00 16 50.7228,   19.592781545,  -7.19
Uranus,   2024-05-09T00:00:00.00,  52 43 19.6304, -00 16 50.2136,   19.592618528,  -7.19
Uranus,   2024-05-10T00:00:00.00,  52 44  0.1984, -00 16 49.7044,   19.592455484,  -7.19
Uranus,   2024-05-11T00:00:00.00,  52 44 40.7670, -00 16 49.1952,   19.592292415,  -7.19
Uranus,   2024-05-12T00:00:00.00,  52 45 21.3364, -00 16 48.6858,   19.592129319,  -7.19
Uranus,   2024-05-13T00:00:00.00,  52 46  1.9064, -00 16 48.1765,   19.591966197,  -7.19
Uranus,   2024-05-14T00:00:00.00,  52 46 42.4771, -00 16 47.6671,   19.591803048,  -7.19
Uranus,   2024-05-15T00:00:00.00,  52 47 23.0485, -00 16 47.1576,   19.591639873,  -7.19
Uranus,   2024-05-16T00:00:00.00,  52 48  3.6205, -00 16 46.6481,   19.591476672,  -7.19
Uranus,   2024-05-17T00:00:00.00,  52 48 44.1933, -00 16 46.1385,   19.591313445,  -7.19
Uranus,   2024-05-18T00:00:00.00,  52 49 24.7667, -00 16 45.6289,   19.591150191,  -7.19
Uranus,   2024-05-19T00:00:00.00,  52 50  5.3408, -00 16 45.1193,   19.590986911,  -7.19
Uranus,   2024-05-20T00:00:00.00,  52 50 45.9155, -00 16 44.6095,   19.590823605,  -7.19
Uranus,   2024-05-21T00:00:00.00,  52 51 26.4910, -00 16 44.0998,   19.590660272,  -7.19
Uranus,   2024-05-22T00:00:00.00,  52 52  7.0671, -00 16 43.5900,   19.590496913,  -7.19
Uranus,   2024-05-23T00:00:00.00,  52 52 47.6439, -00 16 43.0801,   19.590333528,  -7.19
Uranus,   2024-05-24T00:00:00.00,  52 53 28.2214, -00 16 42.5702,   19.590170116,  -7.19
Uranus,   2024-05-25T00:00:00.00,  52 54  8.7995, -00 16 42.0602,   19.590006677,  -7.19
Uranus,   2024-05-26T00:00:00.00,  52 54 49.3784, -00 16 41.5502,   19.589843213,  -7.19
Uranus,   2024-05-27T00:00:00.00,  52 55 29.9579, -00 16 41.0402,   19.589679721,  -7.19
Uranus,   2024-05-28T00:00:00.00,  52 56 10.5381, -00 16 40.5301,   19.589516204,  -7.19
Uranus,   2024-05-29T00:00:00.00,  52 56 51.1189, -00 16 40.0199,   19.589352660,  -7.19
Uranus,   2024-05-30T00:00:00.00,  52 57 31.7005, -00 16 39.5097,   19.589189089,  -7.19
Uranus,   2024-05-31T00:00:00.00,  52 58 12.2827, -00 16 38.9995,   19.589025492,  -7.19
Uranus,   2024-06-01T00:00:00.00,  52 58 52.8656, -00 16 38.4892,   19.588861868,  -7.19
Uranus,   2024-06-02T00:00:00.00,  52 59 33.4492, -00 16 37.9788,   19.588698218,  -7.19
Uranus,   2024-06-03T00:00:00.00,  53  0 14.0334, -00 16 37.4684,   19.588534541,  -7.19
Uranus,   2024-06-04T00:00:00.00,  53  0 54.6183, -00 16 36.9579,   19.588370837,  -7.19
Uranus,   2024-06-05T00:00:00.00,  53  1 35.2039, -00 16 36.4475,   19.588207107,  -7.19
Uranus,   2024-06-06T00:00:00.00,  53  2 15.7902, -00 16 35.9369,   19.588043350,  -7.19
Uranus,   2024-06-07T00:00:00.00,  53  2 56.3771, -00 16 35.4263,   19.587879567,  -7.19
Uranus,   2024-06-08T00:00:00.00,  53  3 36.9647, -00 16 34.9157,   19.587715757,  -7.19
Uranus,   2024-06-09T00:00:00.00,  53  4 17.5530, -00 16 34.4050,   19.587551920,  -7.19
Uranus,   2024-06-10T00:00:00.00,  53  4 58.1419, -00 16 33.8942,   19.587388056,  -7.19
Uranus,   2024-06-11T00:00:00.00,  53  5 38.7316, -00 16 33.3834,   19.587224166,  -7.19
Uranus,   2024-06-12T00:00:00.00,  53  6 19.3218, -00 16 32.8726,   19.587060250,  -7.19
Uranus,   2024-06-13T00:00:00.00,  53  6 59.9128, -00 16 32.3617,   19.586896306,  -7.19
Uranus,   2024-06-14T00:00:00.00,  53  7 40.5044, -00 16 31.8508,   19.586732336,  -7.19
Uranus,   2024-06-15T00:00:00.00,  53  8 21.0967, -00 16 31.3398,   19.586568340,  -7.19
Uranus,   2024-06-16T00:00:00.00,  53  9  1.6896, -00 16 30.8288,   19.586404317,  -7.19
Uranus,   2024-06-17T00:00:00.00,  53  9 42.2833, -00 16 30.3177,   19.586240268,  -7.19
Uranus,   2024-06-18T00:00:00.00,  53 10 22.8775, -00 16 29.8066,   19.586076192,  -7.19
Uranus,   2024-06-19T00:00:00.00,  53 11  3.4725, -00 16 29.2954,   19.585912090,  -7.19
Uranus,   2024-06-20T00:00:00.00,  53 11 44.0681, -00 16 28.7842,   19.585747962,  -7.19
Uranus,   2024-06-21T00:00:00.00,  53 12 24.6644, -00 16 28.2729,   19.585583807,  -7.19
Uranus,   2024-06-22T00:00:00.00,  53 13  5.2613, -00 16 27.7616,   19.585419627,  -7.19
Uranus,   2024-06-23T00:00:00.00,  53 13 45.8589, -00 16 27.2502,   19.585255421,  -7.19
Uranus,   2024-06-24T00:00:00.00,  53 14 26.4571, -00 16 26.7388,   19.585091189,  -7.19
Uranus,   2024-06-25T00:00:00.00,  53 15  7.0561, -00 16 26.2274,   19.584926930,  -7.19
Uranus,   2024-06-26T00:00:00.00,  53 15 47.6556, -00 16 25.7159,   19.584762647,  -7.19
Uranus,   2024-06-27T00:00:00.00,  53 16 28.2559, -00 16 25.2043,   19.584598337,  -7.19
Uranus,   2024-06-28T00:00:00.00,  53 17  8.8568, -00 16 24.6927,   19.584434002,  -7.19
Uranus,   2024-06-29T00:00:00.00,  53 17 49.4583, -00 16 24.1811,   19.584269641,  -7.19
Uranus,   2024-06-30T00:00:00.00,  53 18 30.0606, -00 16 23.6694,   19.584105255,  -7.19
Uranus,   2024-07-01T00:00:00.00,  53 19 10.6635, -00 16 23.1576,   19.583940844,  -7.19
Uranus,   2024-07-02T00:00:00.00,  53 19 51.2670, -00 16 22.6459,   19.583776407,  -7.19
Uranus,   2024-07-03T00:00:00.00,  53 20 31.8712, -00 16 22.1340,   19.583611944,  -7.19
Uranus,   2024-07-04T00:00:00.00,  53 21 12.4761, -00 16 21.6221,   19.583447456,  -7.19
Uranus,   2024-07-05T00:00:00.00,  53 21 53.0816, -00 16 21.1102,   19.583282943,  -7.19
Uranus,   2024-07-06T00:00:00.00,  53 22 33.6878, -00 16 20.5982,   19.583118405,  -7.19
Uranus,   2024-07-07T00:00:00.00,  53 23 14.2947, -00 16 20.0862,   19.582953842,  -7.19
Uranus,   2024-07-08T00:00:00.00,  53 23 54.9022, -00 16 19.5742,   19.582789253,  -7.19
Uranus,   2024-07-09T00:00:00.00,  53 24 35.5104, -00 16 19.0620,   19.582624640,  -7.19
Uranus,   2024-07-10T00:00:00.00,  53 25 16.1193, -00 16 18.5499,   19.582460001,  -7.19
Uranus,   2024-07-11T00:00:00.00,  53 25 56.7288, -00 16 18.0377,   19.582295337,  -7.19
Uranus,   2024-07-12T00:00:00.00,  53 26 37.3390, -00 16 17.5254,   19.582130649,  -7.19
Uranus,   2024-07-13T00:00:00.00,  53 27 17.9498, -00 16 17.0131,   19.581965935,  -7.19
Uranus,   2024-07-14T00:00:00.00,  53 27 58.5613, -00 16 16.5008,   19.581801196,  -7.19
Uranus,   2024-07-15T00:00:00.00,  53 28 39.1735, -00 16 15.9884,   19.581636433,  -7.19
Uranus,   2024-07-16T00:00:00.00,  53 29 19.7863, -00 16 15.4759,   19.581471645,  -7.19
Uranus,   2024-07-17T00:00:00.00,  53 30  0.3998, -00 16 14.9634,   19.581306832,  -7.19
Uranus,   2024-07-18T00:00:00.00,  53 30 41.0140, -00 16 14.4509,   19.581141994,  -7.19
Uranus,   2024-07-19T00:00:00.00,  53 31 21.6288, -00 16 13.9383,   19.580977131,  -7.19
Uranus,   2024-07-20T00:00:00.00,  53 32  2.2443, -00 16 13.4257,   19.580812244,  -7.19
Uranus,   2024-07-21T00:00:00.00,  53 32 42.8605, -00 16 12.9130,   19.580647332,  -7.19
Uranus,   2024-07-22T00:00:00.00,  53 33 23.4773, -00 16 12.4003,   19.580482396,  -7.19
Uranus,   2024-07-23T00:00:00.00,  53 34  4.0948, -00 16 11.8875,   19.580317434,  -7.19
Uranus,   2024-07-24T00:00:00.00,  53 34 44.7130, -00 16 11.3747,   19.580152449,  -7.19
Uranus,   2024-07-25T00:00:00.00,  53 35 25.3318, -00 16 10.8618,   19.579987438,  -7.19
Uranus,   2024-07-26T00:00:00.00,  53 36  5.9513, -00 16 10.3489,   19.579822404,  -7.19
Uranus,   2024-07-27T00:00:00.00,  53 36 46.5714, -00 16  9.8359,   19.579657344,  -7.19
Uranus,   2024-07-28T00:00:00.00,  53 37 27.1922, -00 16  9.3229,   19.579492261,  -7.19
Uranus,   2024-07-29T00:00:00.00,  53 38  7.8137, -00 16  8.8099,   19.579327153,  -7.19
Uranus,   2024-07-30T00:00:00.00,  53 38 48.4359, -00 16  8.2968,   19.579162020,  -7.19
Uranus,   2024-07-31T00:00:00.00,  53 39 29.0587, -00 16  7.7836,   19.578996863,  -7.19
Uranus,   2024-08-01T00:00:00.00,  53 40  9.6822, -00 16  7.2704,   19.578831682,  -7.19
Uranus,   2024-08-02T00:00:00.00,  53 40 50.3064, -00 16  6.7572,   19.578666476,  -7.19
Uranus,   2024-08-03T00:00:00.00,  53 41 30.9312, -00 16  6.2439,   19.578501246,  -7.19
Uranus,   2024-08-04T00:00:00.00,  53 42 11.5567, -00 16  5.7306,   19.578335992,  -7.19
Uranus,   2024-08-05T00:00:00.00,  53 42 52.1828, -00 16  5.2172,   19.578170714,  -7.19
Uranus,   2024-08-06T00:00:00.00,  53 43 32.8097, -00 16  4.7038,   19.578005411,  -7.19
Uranus,   2024-08-07T00:00:00.00,  53 44 13.4372, -00 16  4.1903,   19.577840085,  -7.19
Uranus,   2024-08-08T00:00:00.00,  53 44 54.0653, -00 16  3.6768,   19.577674734,  -7.19
Uranus,   2024-08-09T00:00:00.00,  53 45 34.6942, -00 16  3.1632,   19.577509359,  -7.19
Uranus,   2024-08-10T00:00:00.00,  53 46 15.3237, -00 16  2.6496,   19.577343959,  -7.19
Uranus,   2024-08-11T00:00:00.00,  53 46 55.9539, -00 16  2.1359,   19.577178536,  -7.19
Uranus,   2024-08-12T00:00:00.00,  53 47 36.5847, -00 16  1.6222,   19.577013089,  -7.19
Uranus,   2024-08-13T00:00:00.00,  53 48 17.2162, -00 16  1.1085,   19.576847617,  -7.19
Uranus,   2024-08-14T00:00:00.00,  53 48 57.8484, -00 16  0.5947,   19.576682121,  -7.19
Uranus,   2024-08-15T00:00:00.00,  53 49 38.4813, -00 16  0.0808,   19.576516602,  -7.19
Uranus,   2024-08-16T00:00:00.00,  53 50 19.1148, -00 15 59.5669,   19.576351058,  -7.19
Uranus,   2024-08-17T00:00:00.00,  53 50 59.7491, -00 15 59.0530,   19.576185490,  -7.19
Uranus,   2024-08-18T00:00:00.00,  53 51 40.3839, -00 15 58.5390,   19.576019898,  -7.19
Uranus,   2024-08-19T00:00:00.00,  53 52 21.0195, -00 15 58.0249,   19.575854282,  -7.19
Uranus,   2024-08-20T00:00:00.00,  53 53  1.6557, -00 15 57.5109,   19.575688643,  -7.19
Uranus,   2024-08-21T00:00:00.00,  53 53 42.2926, -00 15 56.9967,   19.575522979,  -7.19
Uranus,   2024-08-22T00:00:00.00,  53 54 22.9302, -00 15 56.4826,   19.575357290,  -7.19
Uranus,   2024-08-23T00:00:00.00,  53 55  3.5685, -00 15 55.9683,   19.575191578,  -7.19
Uranus,   2024-08-24T00:00:00.00,  53 55 44.2074, -00 15 55.4541,   19.575025842,  -7.19
Uranus,   2024-08-25T00:00:00.00,  53 56 24.8470, -00 15 54.9398,   19.574860082,  -7.19
Uranus,   2024-08-26T00:00:00.00,  53 57  5.4873, -00 15 54.4254,   19.574694298,  -7.19
Uranus,   2024-08-27T00:00:00.00,  53 57 46.1283, -00 15 53.9110,   19.574528489,  -7.19
Uranus,   2024-08-28T00:00:00.00,  53 58 26.7699, -00 15 53.3965,   19.574362656,  -7.19
Uranus,   2024-08-29T00:00:00.00,  53 59  7.4122, -00 15 52.8820,   19.574196800,  -7.19
Uranus,   2024-08-30T00:00:00.00,  53 59 48.0552, -00 15 52.3675,   19.574030919,  -7.19
Uranus,   2024-08-31T00:00:00.00,  54  0 28.6989, -00 15 51.8529,   19.573865013,  -7.19
Uranus,   2024-09-01T00:00:00.00,  54  1  9.3432, -00 15 51.3382,   19.573699084,  -7.19
Uranus,   2024-09-02T00:00:00.00,  54  1 49.9882, -00 15 50.8235,   19.573533130,  -7.19
Uranus,   2024-09-03T00:00:00.00,  54  2 30.6339, -00 15 50.3088,   19.573367152,  -7.19
Uranus,   2024-09-04T00:00:00.00,  54  3 11.2803, -00 15 49.7940,   19.573201150,  -7.19
Uranus,   2024-09-05T00:00:00.00,  54  3 51.9273, -00 15 49.2792,   19.573035123,  -7.19
Uranus,   2024-09-06T00:00:00.00,  54  4 32.5751, -00 15 48.7643,   19.572869072,  -7.19
Uranus,   2024-09-07T00:00:00.00,  54  5 13.2235, -00 15 48.2494,   19.572702997,  -7.19
Uranus,   2024-09-08T00:00:00.00,  54  5 53.8725, -00 15 47.7344,   19.572536897,  -7.19
Uranus,   2024-09-09T00:00:00.00,  54  6 34.5223, -00 15 47.2194,   19.572370773,  -7.19
Uranus,   2024-09-10T00:00:00.00,  54  7 15.1727, -00 15 46.7044,   19.572204625,  -7.19
Uranus,   2024-09-11T00:00:00.00,  54  7 55.8238, -00 15 46.1893,   19.572038452,  -7.19
Uranus,   2024-09-12T00:00:00.00,  54  8 36.4756, -00 15 45.6741,   19.571872255,  -7.19
Uranus,   2024-09-13T00:00:00.00,  54  9 17.1281, -00 15 45.1589,   19.571706034,  -7.19
Uranus,   2024-09-14T00:00:00.00,  54  9 57.7812, -00 15 44.6437,   19.571539789,  -7.19
Uranus,   2024-09-15T00:00:00.00,  54 10 38.4350, -00 15 44.1284,   19.571373519,  -7.19
Uranus,   2024-09-16T00:00:00.00,  54 11 19.0895, -00 15 43.6130,   19.571207225,  -7.19
Uranus,   2024-09-17T00:00:00.00,  54 11 59.7446, -00 15 43.0977,   19.571040907,  -7.19
Uranus,   2024-09-18T00:00:00.00,  54 12 40.4005, -00 15 42.5822,   19.570874565,  -7.19
Uranus,   2024-09-19T00:00:00.00,  54 13 21.0570, -00 15 42.0668,   19.570708199,  -7.19
Uranus,   2024-09-20T00:00:00.00,  54 14  1.7142, -00 15 41.5512,   19.570541810,  -7.19
Uranus,   2024-09-21T00:00:00.00,  54 14 42.3720, -00 15 41.0357,   19.570375396,  -7.19
Uranus,   2024-09-22T00:00:00.00,  54 15 23.0305, -00 15 40.5201,   19.570208958,  -7.19
Uranus,   2024-09-23T00:00:00.00,  54 16  3.6898, -00 15 40.0044,   19.570042496,  -7.19
Uranus,   2024-09-24T00:00:00.00,  54 16 44.3496, -00 15 39.4887,   19.569876011,  -7.19
Uranus,   2024-09-25T00:00:00.00,  54 17 25.0102, -00 15 38.9730,   19.569709501,  -7.19
Uranus,   2024-09-26T00:00:00.00,  54 18  5.6715, -00 15 38.4572,   19.569542968,  -7.19
Uranus,   2024-09-27T00:00:00.00,  54 18 46.3334, -00 15 37.9413,   19.569376411,  -7.19
Uranus,   2024-09-28T00:00:00.00,  54 19 26.9960, -00 15 37.4254,   19.569209830,  -7.19
Uranus,   2024-09-29T00:00:00.00,  54 20  7.6593, -00 15 36.9095,   19.569043225,  -7.19
Uranus,   2024-09-30T00:00:00.00,  54 20 48.3232, -00 15 36.3935,   19.568876596,  -7.19
Uranus,   2024-10-01T00:00:00.00,  54 21 28.9879, -00 15 35.8775,   19.568709944,  -7.19
Uranus,   2024-10-02T00:00:00.00,  54 22  9.6532, -00 15 35.3614,   19.568543267,  -7.19
Uranus,   2024-10-03T00:00:00.00,  54 22 50.3192, -00 15 34.8453,   19.568376567,  -7.19
Uranus,   2024-10-04T00:00:00.00,  54 23 30.9859, -00 15 34.3292,   19.568209842,  -7.19
Uranus,   2024-10-05T00:00:00.00,  54 24 11.6532, -00 15 33.8130,   19.568043094,  -7.19
Uranus,   2024-10-06T00:00:00.00,  54 24 52.3213, -00 15 33.2967,   19.567876322,  -7.19
Uranus,   2024-10-07T00:00:00.00,  54 25 32.9900, -00 15 32.7804,   19.567709526,  -7.19
Uranus,   2024-10-08T00:00:00.00,  54 26 13.6594, -00 15 32.2641,   19.567542706,  -7.19
Uranus,   2024-10-09T00:00:00.00,  54 26 54.3295, -00 15 31.7477,   19.567375862,  -7.19
Uranus,   2024-10-10T00:00:00.00,  54 27 35.0003, -00 15 31.2312,   19.567208994,  -7.19
Uranus,   2024-10-11T00:00:00.00,  54 28 15.6718, -00 15 30.7147,   19.567042102,  -7.19
Uranus,   2024-10-12T00:00:00.00,  54 28 56.3439, -00 15 30.1982,   19.566875186,  -7.19
Uranus,   2024-10-13T00:00:00.00,  54 29 37.0168, -00 15 29.6816,   19.566708246,  -7.19
Uranus,   2024-10-14T00:00:00.00,  54 30 17.6903, -00 15 29.1650,   19.566541281,  -7.19
Uranus,   2024-10-15T00:00:00.00,  54 30 58.3645, -00 15 28.6483,   19.566374293,  -7.19
Uranus,   2024-10-16T00:00:00.00,  54 31 39.0394, -00 15 28.1316,   19.566207280,  -7.19
Uranus,   2024-10-17T00:00:00.00,  54 32 19.7150, -00 15 27.6149,   19.566040243,  -7.19
Uranus,   2024-10-18T00:00:00.00,  54 33  0.3912, -00 15 27.0980,   19.565873182,  -7.19
Uranus,   2024-10-19T00:00:00.00,  54 33 41.0682, -00 15 26.5812,   19.565706096,  -7.19
Uranus,   2024-10-20T00:00:00.00,  54 34 21.7458, -00 15 26.0643,   19.565538986,  -7.19
Uranus,   2024-10-21T00:00:00.00,  54 35  2.4241, -00 15 25.5473,   19.565371852,  -7.19
Uranus,   2024-10-22T00:00:00.00,  54 35 43.1031, -00 15 25.0303,   19.565204694,  -7.19
Uranus,   2024-10-23T00:00:00.00,  54 36 23.7828, -00 15 24.5133,   19.565037511,  -7.19
Uranus,   2024-10-24T00:00:00.00,  54 37  4.4632, -00 15 23.9962,   19.564870304,  -7.19
Uranus,   2024-10-25T00:00:00.00,  54 37 45.1443, -00 15 23.4791,   19.564703072,  -7.19
Uranus,   2024-10-26T00:00:00.00,  54 38 25.8260, -00 15 22.9619,   19.564535816,  -7.19
Uranus,   2024-10-27T00:00:00.00,  54 39  6.5085, -00 15 22.4447,   19.564368535,  -7.19
Uranus,   2024-10-28T00:00:00.00,  54 39 47.1916, -00 15 21.9274,   19.564201229,  -7.19
Uranus,   2024-10-29T00:00:00.00,  54 40 27.8754, -00 15 21.4101,   19.564033899,  -7.19
Uranus,   2024-10-30T00:00:00.00,  54 41  8.5599, -00 15 20.8927,   19.563866545,  -7.19
Uranus,   2024-10-31T00:00:00.00,  54 41 49.2451, -00 15 20.3753,   19.563699166,  -7.19
Uranus,   2024-11-01T00:00:00.00,  54 42 29.9310, -00 15 19.8578,   19.563531762,  -7.19
Uranus,   2024-11-02T00:00:00.00,  54 43 10.6175, -00 15 19.3403,   19.563364333,  -7.19
Uranus,   2024-11-03T00:00:00.00,  54 43 51.3048, -00 15 18.8228,   19.563196879,  -7.19
Uranus,   2024-11-04T00:00:00.00,  54 44 31.9927, -00 15 18.3052,   19.563029401,  -7.19
Uranus,   2024-11-05T00:00:00.00,  54 45 12.6813, -00 15 17.7875,   19.562861898,  -7.19
Uranus,   2024-11-06T00:00:00.00,  54 45 53.3706, -00 15 17.2698,   19.562694369,  -7.19
Uranus,   2024-11-07T00:00:00.00,  54 46 34.0606, -00 15 16.7521,   19.562526816,  -7.19
Uranus,   2024-11-08T00:00:00.00,  54 47 14.7513, -00 15 16.2343,   19.562359238,  -7.19
Uranus,   2024-11-09T00:00:00.00,  54 47 55.4427, -00 15 15.7164,   19.562191635,  -7.19
Uranus,   2024-11-10T00:00:00.00,  54 48 36.1347, -00 15 15.1986,   19.562024007,  -7.19
Uranus,   2024-11-11T00:00:00.00,  54 49 16.8275, -00 15 14.6806,   19.561856354,  -7.19
Uranus,   2024-11-12T00:00:00.00,  54 49 57.5209, -00 15 14.1627,   19.561688676,  -7.19
Uranus,   2024-11-13T00:00:00.00,  54 50 38.2150, -00 15 13.6446,   19.561520972,  -7.19
Uranus,   2024-11-14T00:00:00.00,  54 51 18.9098, -00 15 13.1266,   19.561353243,  -7.19
Uranus,   2024-11-15T00:00:00.00,  54 51 59.6053, -00 15 12.6085,   19.561185489,  -7.19
Uranus,   2024-11-16T00:00:00.00,  54 52 40.3014, -00 15 12.0903,   19.561017710,  -7.19
Uranus,   2024-11-17T00:00:00.00,  54 53 20.9983, -00 15 11.5721,   19.560849905,  -7.19
Uranus,   2024-11-18T00:00:00.00,  54 54  1.6958, -00 15 11.0538,   19.560682075,  -7.19
Uranus,   2024-11-19T00:00:00.00,  54 54 42.3940, -00 15 10.5355,   19.560514220,  -7.19
Uranus,   2024-11-20T00:00:00.00,  54 55 23.0930, -00 15 10.0172,   19.560346339,  -7.19
Uranus,   2024-11-21T00:00:00.00,  54 56  3.7926, -00 15  9.4988,   19.560178432,  -7.19
Uranus,   2024-11-22T00:00:00.00,  54 56 44.4928, -00 15  8.9804,   19.560010500,  -7.19
Uranus,   2024-11-23T00:00:00.00,  54 57 25.1938, -00 15  8.4619,   19.559842542,  -7.19
Uranus,   2024-11-24T00:00:00.00,  54 58  5.8954, -00 15  7.9433,   19.559674559,  -7.19
Uranus,   2024-11-25T00:00:00.00,  54 58 46.5978, -00 15  7.4248,   19.559506549,  -7.19
Uranus,   2024-11-26T00:00:00.00,  54 59 27.3008, -00 15  6.9061,   19.559338514,  -7.19
Uranus,   2024-11-27T00:00:00.00,  55  0  8.0045, -00 15  6.3875,   19.559170453,  -7.19
Uranus,   2024-11-28T00:00:00.00,  55  0 48.7088, -00 15  5.8688,   19.559002366,  -7.19
Uranus,   2024-11-29T00:00:00.00,  55  1 29.4139, -00 15  5.3500,   19.558834253,  -7.19
Uranus,   2024-11-30T00:00:00.00,  55  2 10.1196, -00 15  4.8312,   19.558666114,  -7.19
Uranus,   2024-12-01T00:00:00.00,  55  2 50.8260, -00 15  4.3123,   19.558497949,  -7.19
Uranus,   2024-12-02T00:00:00.00,  55  3 31.5331, -00 15  3.7934,   19.558329758,  -7.19
Uranus,   2024-12-03T00:00:00.00,  55  4 12.2409, -00 15  3.2745,   19.558161541,  -7.19
Uranus,   2024-12-04T00:00:00.00,  55  4 52.9493, -00 15  2.7555,   19.557993297,  -7.19
Uranus,   2024-12-05T00:00:00.00,  55  5 33.6585, -00 15  2.2365,   19.557825028,  -7.19
Uranus,   2024-12-06T00:00:00.00,  55  6 14.3682, -00 15  1.7174,   19.557656732,  -7.19
Uranus,   2024-12-07T00:00:00.00,  55  6 55.0787, -00 15  1.1983,   19.557488410,  -7.19
Uranus,   2024-12-08T00:00:00.00,  55  7 35.7898, -00 15  0.6791,   19.557320062,  -7.19
Uranus,   2024-12-09T00:00:00.00,  55  8 16.5017, -00 15  0.1599,   19.557151687,  -7.19
Uranus,   2024-12-10T00:00:00.00,  55  8 57.2141, -00 14 59.6406,   19.556983287,  -7.19
Uranus,   2024-12-11T00:00:00.00,  55  9 37.9273, -00 14 59.1213,   19.556814860,  -7.19
Uranus,   2024-12-12T00:00:00.00,  55 10 18.6411, -00 14 58.6019,   19.556646408,  -7.19
Uranus,   2024-12-13T00:00:00.00,  55 10 59.3556, -00 14 58.0825,   19.556477929,  -7.19
Uranus,   2024-12-14T00:00:00.00,  55 11 40.0707, -00 14 57.5631,   19.556309424,  -7.19
Uranus,   2024-12-15T00:00:00.00,  55 12 20.7866, -00 14 57.0436,   19.556140894,  -7.19
Uranus,   2024-12-16T00:00:00.00,  55 13  1.5030, -00 14 56.5241,   19.555972337,  -7.19
Uranus,   2024-12-17T00:00:00.00,  55 13 42.2202, -00 14 56.0045,   19.555803755,  -7.19
Uranus,   2024-12-18T00:00:00.00,  55 14 22.9380, -00 14 55.4849,   19.555635147,  -7.19
Uranus,   2024-12-19T00:00:00.00,  55 15  3.6565, -00 14 54.9652,   19.555466513,  -7.19
Uranus,   2024-12-20T00:00:00.00,  55 15 44.3756, -00 14 54.4455,   19.555297854,  -7.19
Uranus,   2024-12-21T00:00:00.00,  55 16 25.0954, -00 14 53.9257,   19.555129168,  -7.19
Uranus,   2024-12-22T00:00:00.00,  55 17  5.8159, -00 14 53.4059,   19.554960458,  -7.19
Uranus,   2024-12-23T00:00:00.00,  55 17 46.5370, -00 14 52.8861,   19.554791721,  -7.19
Uranus,   2024-12-24T00:00:00.00,  55 18 27.2588, -00 14 52.3662,   19.554622959,  -7.19
Uranus,   2024-12-25T00:00:00.00,  55 19  7.9813, -00 14 51.8463,   19.554454172,  -7.19
Uranus,   2024-12-26T00:00:00.00,  55 19 48.7044, -00 14 51.3263,   19.554285359,  -7.19
Uranus,   2024-12-27T00:00:00.00,  55 20 29.4282, -00 14 50.8063,   19.554116520,  -7.19
Uranus,   2024-12-28T00:00:00.00,  55 21 10.1527, -00 14 50.2862,   19.553947656,  -7.19
Uranus,   2024-12-29T00:00:00.00,  55 21 50.8778, -00 14 49.7661,   19.553778766,  -7.19
Uranus,   2024-12-30T00:00:00.00,  55 22 31.6035, -00 14 49.2459,   19.553609852,  -7.19
Uranus,   2024-12-31T00:00:00.00,  55 23 12.3300, -00 14 48.7257,   19.553440911,  -7.19
Uranus,   2025-01-01T00:00:00.00,  55 23 53.0571, -00 14 48.2055,   19.553271945,  -7.19
Uranus,   2025-01-02T00:00:00.00,  55 24 33.7848, -00 14 47.6852,   19.553102954,  -7.19
Uranus,   2025-01-03T00:00:00.00,  55 25 14.5132, -00 14 47.1649,   19.552933938,  -7.19
Uranus,   2025-01-04T00:00:00.00,  55 25 55.2423, -00 14 46.6445,   19.552764896,  -7.19
Uranus,   2025-01-05T00:00:00.00,  55 26 35.9720, -00 14 46.1240,   19.552595829,  -7.19
Uranus,   2025-01-06T00:00:00.00,  55 27 16.7024, -00 14 45.6036,   19.552426737,  -7.19
Uranus,   2025-01-07T00:00:00.00,  55 27 57.4334, -00 14 45.0831,   19.552257620,  -7.19
Uranus,   2025-01-08T00:00:00.00,  55 28 38.1652, -00 14 44.5625,   19.552088477,  -7.19
Uranus,   2025-01-09T00:00:00.00,  55 29 18.8975, -00 14 44.0419,   19.551919309,  -7.19
Uranus,   2025-01-10T00:00:00.00,  55 29 59.6305, -00 14 43.5213,   19.551750116,  -7.19
Uranus,   2025-01-11T00:00:00.00,  55 30 40.3642, -00 14 43.0006,   19.551580898,  -7.19
Uranus,   2025-01-12T00:00:00.00,  55 31 21.0985, -00 14 42.4798,   19.551411655,  -7.19
Uranus,   2025-01-13T00:00:00.00,  55 32  1.8335, -00 14 41.9591,   19.551242387,  -7.19
Uranus,   2025-01-14T00:00:00.00,  55 32 42.5692, -00 14 41.4382,   19.551073093,  -7.19
Uranus,   2025-01-15T00:00:00.00,  55 33 23.3055, -00 14 40.9174,   19.550903775,  -7.19
Uranus,   2025-01-16T00:00:00.00,  55 34  4.0424, -00 14 40.3964,   19.550734432,  -7.19
Uranus,   2025-01-17T00:00:00.00,  55 34 44.7800, -00 14 39.8755,   19.550565064,  -7.19
Uranus,   2025-01-18T00:00:00.00,  55 35 25.5183, -00 14 39.3545,   19.550395671,  -7.19
Uranus,   2025-01-19T00:00:00.00,  55 36  6.2572, -00 14 38.8334,   19.550226253,  -7.19
Uranus,   2025-01-20T00:00:00.00,  55 36 46.9967, -00 14 38.3124,   19.550056810,  -7.19
Uranus,   2025-01-21T00:00:00.00,  55 37 27.7370, -00 14 37.7912,   19.549887343,  -7.19
Uranus,   2025-01-22T00:00:00.00,  55 38  8.4778, -00 14 37.2700,   19.549717851,  -7.19
Uranus,   2025-01-23T00:00:00.00,  55 38 49.2194, -00 14 36.7488,   19.549548334,  -7.19
Uranus,   2025-01-24T00:00:00.00,  55 39 29.9615, -00 14 36.2276,   19.549378792,  -7.19
Uranus,   2025-01-25T00:00:00.00,  55 40 10.7044, -00 14 35.7063,   19.549209226,  -7.19
Uranus,   2025-01-26T00:00:00.00,  55 40 51.4478, -00 14 35.1849,   19.549039636,  -7.19
Uranus,   2025-01-27T00:00:00.00,  55 41 32.1920, -00 14 34.6635,   19.548870020,  -7.19
Uranus,   2025-01-28T00:00:00.00,  55 42 12.9367, -00 14 34.1421,   19.548700381,  -7.19
Uranus,   2025-01-29T00:00:00.00,  55 42 53.6822, -00 14 33.6206,   19.548530717,  -7.19
Uranus,   2025-01-30T00:00:00.00,  55 43 34.4283, -00 14 33.0990,   19.548361028,  -7.19
Uranus,   2025-01-31T00:00:00.00,  55 44 15.1750, -00 14 32.5775,   19.548191315,  -7.19
Uranus,   2025-02-01T00:00:00.00,  55 44 55.9224, -00 14 32.0559,   19.548021578,  -7.19
Uranus,   2025-02-02T00:00:00.00,  55 45 36.6704, -00 14 31.5342,   19.547851817,  -7.19
Uranus,   2025-02-03T00:00:00.00,  55 46 17.4191, -00 14 31.0125,   19.547682032,  -7.19
Uranus,   2025-02-04T00:00:00.00,  55 46 58.1684, -00 14 30.4908,   19.547512222,  -7.19
Uranus,   2025-02-05T00:00:00.00,  55 47 38.9184, -00 14 29.9690,   19.547342388,  -7.19
Uranus,   2025-02-06T00:00:00.00,  55 48 19.6690, -00 14 29.4471,   19.547172530,  -7.19
Uranus,   2025-02-07T00:00:00.00,  55 49  0.4203, -00 14 28.9253,   19.547002648,  -7.19
Uranus,   2025-02-08T00:00:00.00,  55 49 41.1722, -00 14 28.4033,   19.546832743,  -7.19
Uranus,   2025-02-09T00:00:00.00,  55 50 21.9248, -00 14 27.8814,   19.546662813,  -7.19
Uranus,   2025-02-10T00:00:00.00,  55 51  2.6780, -00 14 27.3594,   19.546492859,  -7.19
Uranus,   2025-02-11T00:00:00.00,  55 51 43.4318, -00 14 26.8373,   19.546322882,  -7.19
Uranus,   2025-02-12T00:00:00.00,  55 52 24.1863, -00 14 26.3152,   19.546152881,  -7.19
Uranus,   2025-02-13T00:00:00.00,  55 53  4.9415, -00 14 25.7931,   19.545982856,  -7.19
Uranus,   2025-02-14T00:00:00.00,  55 53 45.6973, -00 14 25.2709,   19.545812807,  -7.19
Uranus,   2025-02-15T00:00:00.00,  55 54 26.4538, -00 14 24.7487,   19.545642735,  -7.19
Uranus,   2025-02-16T00:00:00.00,  55 55  7.2109, -00 14 24.2264,   19.545472639,  -7.19
Uranus,   2025-02-17T00:00:00.00,  55 55 47.9686, -00 14 23.7041,   19.545302519,  -7.19
Uranus,   2025-02-18T00:00:00.00,  55 56 28.7270, -00 14 23.1817,   19.545132376,  -7.19
Uranus,   2025-02-19T00:00:00.00,  55 57  9.4860, -00 14 22.6593,   19.544962209,  -7.19
Uranus,   2025-02-20T00:00:00.00,  55 57 50.2457, -00 14 22.1369,   19.544792019,  -7.19
Uranus,   2025-02-21T00:00:00.00,  55 58 31.0061, -00 14 21.6144,   19.544621806,  -7.19
Uranus,   2025-02-22T00:00:00.00,  55 59 11.7670, -00 14 21.0919,   19.544451569,  -7.19
Uranus,   2025-02-23T00:00:00.00,  55 59 52.5287, -00 14 20.5693,   19.544281308,  -7.19
Uranus,   2025-02-24T00:00:00.00,  56  0 33.2909, -00 14 20.0467,   19.544111025,  -7.19
Uranus,   2025-02-25T00:00:00.00,  56  1 14.0538, -00 14 19.5241,   19.543940718,  -7.19
Uranus,   2025-02-26T00:00:00.00,  56  1 54.8174, -00 14 19.0014,   19.543770387,  -7.19
Uranus,   2025-02-27T00:00:00.00,  56  2 35.5816, -00 14 18.4786,   19.543600034,  -7.19
Uranus,   2025-02-28T00:00:00.00,  56  3 16.3465, -00 14 17.9558,   19.543429657,  -7.19
Uranus,   2025-03-01T00:00:00.00,  56  3 57.1119, -00 14 17.4330,   19.543259257,  -7.19
Uranus,   2025-03-02T00:00:00.00,  56  4 37.8781, -00 14 16.9102,   19.543088834,  -7.19
Uranus,   2025-03-03T00:00:00.00,  56  5 18.6448, -00 14 16.3872,   19.542918388,  -7.19
Uranus,   2025-03-04T00:00:00.00,  56  5 59.4123, -00 14 15.8643,   19.542747919,  -7.19
Uranus,   2025-03-05T00:00:00.00,  56  6 40.1803, -00 14 15.3413,   19.542577427,  -7.19
Uranus,   2025-03-06T00:00:00.00,  56  7 20.9490, -00 14 14.8183,   19.542406912,  -7.19
Uranus,   2025-03-07T00:00:00.00,  56  8  1.7184, -00 14 14.2952,   19.542236375,  -7.19
Uranus,   2025-03-08T00:00:00.00,  56  8 42.4883, -00 14 13.7721,   19.542065815,  -7.19
Uranus,   2025-03-09T00:00:00.00,  56  9 23.2590, -00 14 13.2489,   19.541895232,  -7.19
Uranus,   2025-03-10T00:00:00.00,  56 10  4.0302, -00 14 12.7257,   19.541724627,  -7.19
Uranus,   2025-03-11T00:00:00.00,  56 10 44.8021, -00 14 12.2025,   19.541554000,  -7.19
Uranus,   2025-03-12T00:00:00.00,  56 11 25.5747, -00 14 11.6792,   19.541383351,  -7.19
Uranus,   2025-03-13T00:00:00.00,  56 12  6.3478, -00 14 11.1559,   19.541212679,  -7.19
Uranus,   2025-03-14T00:00:00.00,  56 12 47.1216, -00 14 10.6325,   19.541041986,  -7.19
Uranus,   2025-03-15T00:00:00.00,  56 13 27.8961, -00 14 10.1091,   19.540871270,  -7.19
Uranus,   2025-03-16T00:00:00.00,  56 14  8.6712, -00 14  9.5856,   19.540700533,  -7.19
Uranus,   2025-03-17T00:00:00.00,  56 14 49.4469, -00 14  9.0621,   19.540529775,  -7.19
Uranus,   2025-03-18T00:00:00.00,  56 15 30.2233, -00 14  8.5386,   19.540358994,  -7.19
Uranus,   2025-03-19T00:00:00.00,  56 16 11.0003, -00 14  8.0150,   19.540188193,  -7.19
Uranus,   2025-03-20T00:00:00.00,  56 16 51.7780, -00 14  7.4914,   19.540017370,  -7.19
Uranus,   2025-03-21T00:00:00.00,  56 17 32.5563, -00 14  6.9677,   19.539846526,  -7.19
Uranus,   2025-03-22T00:00:00.00,  56 18 13.3352, -00 14  6.4440,   19.539675660,  -7.19
Uranus,   2025-03-23T00:00:00.00,  56 18 54.1148, -00 14  5.9203,   19.539504773,  -7.19
Uranus,   2025-03-24T00:00:00.00,  56 19 34.8951, -00 14  5.3965,   19.539333866,  -7.19
Uranus,   2025-03-25T00:00:00.00,  56 20 15.6759, -00 14  4.8727,   19.539162937,  -7.19
Uranus,   2025-03-26T00:00:00.00,  56 20 56.4575, -00 14  4.3488,   19.538991988,  -7.19
Uranus,   2025-03-27T00:00:00.00,  56 21 37.2396, -00 14  3.8249,   19.538821017,  -7.19
Uranus,   2025-03-28T00:00:00.00,  56 22 18.0225, -00 14  3.3010,   19.538650026,  -7.19
Uranus,   2025-03-29T00:00:00.00,  56 22 58.8059, -00 14  2.7770,   19.538479014,  -7.19
Uranus,   2025-03-30T00:00:00.00,  56 23 39.5900, -00 14  2.2529,   19.538307982,  -7.19
Uranus,   2025-03-31T00:00:00.00,  56 24 20.3748, -00 14  1.7289,   19.538136928,  -7.19
Uranus,   2025-04-01T00:00:00.00,  56 25  1.1602, -00 14  1.2047,   19.537965855,  -7.19
Uranus,   2025-04-02T00:00:00.00,  56 25 41.9462, -00 14  0.6806,   19.537794760,  -7.19
Uranus,   2025-04-03T00:00:00.00,  56 26 22.7329, -00 14  0.1564,   19.537623646,  -7.19
Uranus,   2025-04-04T00:00:00.00,  56 27  3.5203, -00 13 59.6321,   19.537452511,  -7.19
Uranus,   2025-04-05T00:00:00.00,  56 27 44.3083, -00 13 59.1079,   19.537281355,  -7.19
Uranus,   2025-04-06T00:00:00.00,  56 28 25.0970, -00 13 58.5835,   19.537110179,  -7.19
Uranus,   2025-04-07T00:00:00.00,  56 29  5.8863, -00 13 58.0592,   19.536938983,  -7.19
Uranus,   2025-04-08T00:00:00.00,  56 29 46.6762, -00 13 57.5347,   19.536767767,  -7.19
Uranus,   2025-04-09T00:00:00.00,  56 30 27.4668, -00 13 57.0103,   19.536596530,  -7.19
Uranus,   2025-04-10T00:00:00.00,  56 31  8.2581, -00 13 56.4858,   19.536425273,  -7.19
Uranus,   2025-04-11T00:00:00.00,  56 31 49.0500, -00 13 55.9613,   19.536253997,  -7.19
Uranus,   2025-04-12T00:00:00.00,  56 32 29.8426, -00 13 55.4367,   19.536082700,  -7.19
Uranus,   2025-04-13T00:00:00.00,  56 33 10.6358, -00 13 54.9121,   19.535911383,  -7.19
Uranus,   2025-04-14T00:00:00.00,  56 33 51.4297, -00 13 54.3874,   19.535740046,  -7.19
Uranus,   2025-04-15T00:00:00.00,  56 34 32.2243, -00 13 53.8627,   19.535568689,  -7.19
Uranus,   2025-04-16T00:00:00.00,  56 35 13.0195, -00 13 53.3380,   19.535397312,  -7.19
Uranus,   2025-04-17T00:00:00.00,  56 35 53.8153, -00 13 52.8132,   19.535225915,  -7.19
Uranus,   2025-04-18T00:00:00.00,  56 36 34.6118, -00 13 52.2883,   19.535054498,  -7.19
Uranus,   2025-04-19T00:00:00.00,  56 37 15.4090, -00 13 51.7635,   19.534883061,  -7.19
Uranus,   2025-04-20T00:00:00.00,  56 37 56.2069, -00 13 51.2385,   19.534711604,  -7.19
Uranus,   2025-04-21T00:00:00.00,  56 38 37.0054, -00 13 50.7136,   19.534540128,  -7.19
Uranus,   2025-04-22T00:00:00.00,  56 39 17.8045, -00 13 50.1886,   19.534368632,  -7.19
Uranus,   2025-04-23T00:00:00.00,  56 39 58.6043, -00 13 49.6635,   19.534197116,  -7.19
Uranus,   2025-04-24T00:00:00.00,  56 40 39.4048, -00 13 49.1385,   19.534025580,  -7.19
Uranus,   2025-04-25T00:00:00.00,  56 41 20.2060, -00 13 48.6133,   19.533854024,  -7.19
Uranus,   2025-04-26T00:00:00.00,  56 42  1.0078, -00 13 48.0882,   19.533682449,  -7.19
Uranus,   2025-04-27T00:00:00.00,  56 42 41.8103, -00 13 47.5630,   19.533510853,  -7.19
Uranus,   2025-04-28T00:00:00.00,  56 43 22.6134, -00 13 47.0377,   19.533339239,  -7.19
Uranus,   2025-04-29T00:00:00.00,  56 44  3.4172, -00 13 46.5124,   19.533167604,  -7.19
Uranus,   2025-04-30T00:00:00.00,  56 44 44.2217, -00 13 45.9871,   19.532995950,  -7.19
Uranus,   2025-05-01T00:00:00.00,  56 45 25.0268, -00 13 45.4617,   19.532824275,  -7.19
Uranus,   2025-05-02T00:00:00.00,  56 46  5.8326, -00 13 44.9363,   19.532652582,  -7.19
Uranus,   2025-05-03T00:00:00.00,  56 46 46.6391, -00 13 44.4108,   19.532480868,  -7.19
Uranus,   2025-05-04T00:00:00.00,  56 47 27.4462, -00 13 43.8853,   19.532309135,  -7.19
Uranus,   2025-05-05T00:00:00.00,  56 48  8.2541, -00 13 43.3598,   19.532137382,  -7.19
Uranus,   2025-05-06T00:00:00.00,  56 48 49.0625, -00 13 42.8342,   19.531965609,  -7.19
Uranus,   2025-05-07T00:00:00.00,  56 49 29.8717, -00 13 42.3086,   19.531793817,  -7.19
Uranus,   2025-05-08T00:00:00.00,  56 50 10.6815, -00 13 41.7829,   19.531622005,  -7.19
Uranus,   2025-05-09T00:00:00.00,  56 50 51.4920, -00 13 41.2572,   19.531450173,  -7.19
Uranus,   2025-05-10T00:00:00.00,  56 51 32.3032, -00 13 40.7314,   19.531278321,  -7.19
Uranus,   2025-05-11T00:00:00.00,  56 52 13.1150, -00 13 40.2056,   19.531106450,  -7.19
Uranus,   2025-05-12T00:00:00.00,  56 52 53.9275, -00 13 39.6798,   19.530934559,  -7.19
Uranus,   2025-05-13T00:00:00.00,  56 53 34.7407, -00 13 39.1539,   19.530762648,  -7.19
Uranus,   2025-05-14T00:00:00.00,  56 54 15.5546, -00 13 38.6280,   19.530590717,  -7.19
Uranus,   2025-05-15T00:00:00.00,  56 54 56.3691, -00 13 38.1020,   19.530418766,  -7.19
Uranus,   2025-05-16T00:00:00.00,  56 55 37.1844, -00 13 37.5760,   19.530246795,  -7.19
Uranus,   2025-05-17T00:00:00.00,  56 56 18.0003, -00 13 37.0499,   19.530074805,  -7.19
Uranus,   2025-05-18T00:00:00.00,  56 56 58.8168, -00 13 36.5238,   19.529902794,  -7.19
Uranus,   2025-05-19T00:00:00.00,  56 57 39.6341, -00 13 35.9977,   19.529730764,  -7.19
Uranus,   2025-05-20T00:00:00.00,  56 58 20.4520, -00 13 35.4715,   19.529558713,  -7.19
Uranus,   2025-05-21T00:00:00.00,  56 59  1.2706, -00 13 34.9453,   19.529386642,  -7.19
Uranus,   2025-05-22T00:00:00.00,  56 59 42.0899, -00 13 34.4190,   19.529214551,  -7.19
Uranus,   2025-05-23T00:00:00.00,  57  0 22.9099, -00 13 33.8927,   19.529042440,  -7.19
Uranus,   2025-05-24T00:00:00.00,  57  1  3.7305, -00 13 33.3664,   19.528870308,  -7.19
Uranus,   2025-05-25T00:00:00.00,  57  1 44.5518, -00 13 32.8400,   19.528698157,  -7.19
Uranus,   2025-05-26T00:00:00.00,  57  2 25.3738, -00 13 32.3135,   19.528525984,  -7.19
Uranus,   2025-05-27T00:00:00.00,  57  3  6.1965, -00 13 31.7871,   19.528353792,  -7.19
Uranus,   2025-05-28T00:00:00.00,  57  3 47.0199, -00 13 31.2605,   19.528181579,  -7.19
Uranus,   2025-05-29T00:00:00.00,  57  4 27.8439, -00 13 30.7340,   19.528009346,  -7.19
Uranus,   2025-05-30T00:00:00.00,  57  5  8.6686, -00 13 30.2074,   19.527837092,  -7.19
Uranus,   2025-05-31T00:00:00.00,  57  5 49.4940, -00 13 29.6807,   19.527664818,  -7.19
Uranus,   2025-06-01T00:00:00.00,  57  6 30.3201, -00 13 29.1540,   19.527492523,  -7.19
Uranus,   2025-06-02T00:00:00.00,  57  7 11.1468, -00 13 28.6273,   19.527320207,  -7.19
Uranus,   2025-06-03T00:00:00.00,  57  7 51.9742, -00 13 28.1006,   19.527147872,  -7.19
Uranus,   2025-06-04T00:00:00.00,  57  8 32.8023, -00 13 27.5737,   19.526975515,  -7.19
Uranus,   2025-06-05T00:00:00.00,  57  9 13.6311, -00 13 27.0469,   19.526803139,  -7.19
Uranus,   2025-06-06T00:00:00.00,  57  9 54.4606, -00 13 26.5200,   19.526630742,  -7.19
Uranus,   2025-06-07T00:00:00.00,  57 10 35.2907, -00 13 25.9931,   19.526458324,  -7.19
Uranus,   2025-06-08T00:00:00.00,  57 11 16.1215, -00 13 25.4661,   19.526285886,  -7.19
Uranus,   2025-06-09T00:00:00.00,  57 11 56.9530, -00 13 24.9391,   19.526113428,  -7.19
Uranus,   2025-06-10T00:00:00.00,  57 12 37.7852, -00 13 24.4120,   19.525940949,  -7.19
Uranus,   2025-06-11T00:00:00.00,  57 13 18.6180, -00 13 23.8849,   19.525768450,  -7.19
Uranus,   2025-06-12T00:00:00.00,  57 13 59.4515, -00 13 23.3578,   19.525595931,  -7.19
Uranus,   2025-06-13T00:00:00.00,  57 14 40.2857, -00 13 22.8306,   19.525423391,  -7.19
Uranus,   2025-06-14T00:00:00.00,  57 15 21.1206, -00 13 22.3034,   19.525250831,  -7.19
Uranus,   2025-06-15T00:00:00.00,  57 16  1.9562, -00 13 21.7761,   19.525078251,  -7.19
Uranus,   2025-06-16T00:00:00.00,  57 16 42.7924, -00 13 21.2488,   19.524905650,  -7.19
Uranus,   2025-06-17T00:00:00.00,  57 17 23.6293, -00 13 20.7215,   19.524733030,  -7.19
Uranus,   2025-06-18T00:00:00.00,  57 18  4.4669, -00 13 20.1941,   19.524560388,  -7.19
Uranus,   2025-06-19T00:00:00.00,  57 18 45.3052, -00 13 19.6666,   19.524387727,  -7.19
Uranus,   2025-06-20T00:00:00.00,  57 19 26.1442, -00 13 19.1392,   19.524215045,  -7.19
Uranus,   2025-06-21T00:00:00.00,  57 20  6.9838, -00 13 18.6117,   19.524042343,  -7.19
Uranus,   2025-06-22T00:00:00.00,  57 20 47.8241, -00 13 18.0841,   19.523869621,  -7.19
Uranus,   2025-06-23T00:00:00.00,  57 21 28.6651, -00 13 17.5565,   19.523696878,  -7.19
Uranus,   2025-06-24T00:00:00.00,  57 22  9.5068, -00 13 17.0289,   19.523524115,  -7.19
Uranus,   2025-06-25T00:00:00.00,  57 22 50.3492, -00 13 16.5012,   19.523351331,  -7.19
Uranus,   2025-06-26T00:00:00.00,  57 23 31.1923, -00 13 15.9735,   19.523178527,  -7.19
Uranus,   2025-06-27T00:00:00.00,  57 24 12.0360, -00 13 15.4457,   19.523005703,  -7.19
Uranus,   2025-06-28T00:00:00.00,  57 24 52.8804, -00 13 14.9179,   19.522832858,  -7.19
Uranus,   2025-06-29T00:00:00.00,  57 25 33.7255, -00 13 14.3901,   19.522659992,  -7.19
Uranus,   2025-06-30T00:00:00.00,  57 26 14.5713, -00 13 13.8622,   19.522487106,  -7.19
Uranus,   2025-07-01T00:00:00.00,  57 26 55.4178, -00 13 13.3343,   19.522314199,  -7.19
Uranus,   2025-07-02T00:00:00.00,  57 27 36.2650, -00 13 12.8063,   19.522141272,  -7.19
Uranus,   2025-07-03T00:00:00.00,  57 28 17.1128, -00 13 12.2783,   19.521968324,  -7.19
Uranus,   2025-07-04T00:00:00.00,  57 28 57.9614, -00 13 11.7502,   19.521795355,  -7.19
Uranus,   2025-07-05T00:00:00.00,  57 29 38.8106, -00 13 11.2221,   19.521622366,  -7.19
Uranus,   2025-07-06T00:00:00.00,  57 30 19.6605, -00 13 10.6940,   19.521449356,  -7.19
Uranus,   2025-07-07T00:00:00.00,  57 31  0.5111, -00 13 10.1658,   19.521276325,  -7.19
Uranus,   2025-07-08T00:00:00.00,  57 31 41.3623, -00 13  9.6376,   19.521103273,  -7.19
Uranus,   2025-07-09T00:00:00.00,  57 32 22.2143, -00 13  9.1093,   19.520930201,  -7.19
Uranus,   2025-07-10T00:00:00.00,  57 33  3.0669, -00 13  8.5810,   19.520757107,  -7.19
Uranus,   2025-07-11T00:00:00.00,  57 33 43.9203, -00 13  8.0527,   19.520583993,  -7.19
Uranus,   2025-07-12T00:00:00.00,  57 34 24.7743, -00 13  7.5243,   19.520410858,  -7.19
Uranus,   2025-07-13T00:00:00.00,  57 35  5.6290, -00 13  6.9959,   19.520237701,  -7.19
Uranus,   2025-07-14T00:00:00.00,  57 35 46.4844, -00 13  6.4674,   19.520064524,  -7.19
Uranus,   2025-07-15T00:00:00.00,  57 36 27.3405, -00 13  5.9389,   19.519891326,  -7.19
Uranus,   2025-07-16T00:00:00.00,  57 37  8.1972, -00 13  5.4104,   19.519718107,  -7.19
Uranus,   2025-07-17T00:00:00.00,  57 37 49.0547, -00 13  4.8818,   19.519544866,  -7.19
Uranus,   2025-07-18T00:00:00.00,  57 38 29.9128, -00 13  4.3531,   19.519371605,  -7.19
Uranus,   2025-07-19T00:00:00.00,  57 39 10.7716, -00 13  3.8245,   19.519198322,  -7.19
Uranus,   2025-07-20T00:00:00.00,  57 39 51.6311, -00 13  3.2958,   19.519025018,  -7.19
Uranus,   2025-07-21T00:00:00.00,  57 40 32.4913, -00 13  2.7670,   19.518851693,  -7.19
Uranus,   2025-07-22T00:00:00.00,  57 41 13.3522, -00 13  2.2382,   19.518678347,  -7.19
Uranus,   2025-07-23T00:00:00.00,  57 41 54.2137, -00 13  1.7094,   19.518504979,  -7.19
Uranus,   2025-07-24T00:00:00.00,  57 42 35.0760, -00 13  1.1805,   19.518331590,  -7.19
Uranus,   2025-07-25T00:00:00.00,  57 43 15.9389, -00 13  0.6516,   19.518158180,  -7.19
Uranus,   2025-07-26T00:00:00.00,  57 43 56.8025, -00 13  0.1226,   19.517984748,  -7.19
Uranus,   2025-07-27T00:00:00.00,  57 44 37.6668, -00 12 59.5936,   19.517811295,  -7.19
Uranus,   2025-07-28T00:00:00.00,  57 45 18.5318, -00 12 59.0646,   19.517637821,  -7.19
Uranus,   2025-07-29T00:00:00.00,  57 45 59.3974, -00 12 58.5355,   19.517464325,  -7.19
Uranus,   2025-07-30T00:00:00.00,  57 46 40.2638, -00 12 58.0063,   19.517290807,  -7.19
Uranus,   2025-07-31T00:00:00.00,  57 47 21.1308, -00 12 57.4772,   19.517117269,  -7.19
Uranus,   2025-08-01T00:00:00.00,  57 48  1.9985, -00 12 56.9480,   19.516943708,  -7.19
Uranus,   2025-08-02T00:00:00.00,  57 48 42.8669, -00 12 56.4187,   19.516770126,  -7.19
Uranus,   2025-08-03T00:00:00.00,  57 49 23.7360, -00 12 55.8894,   19.516596523,  -7.19
Uranus,   2025-08-04T00:00:00.00,  57 50  4.6058, -00 12 55.3601,   19.516422897,  -7.19
Uranus,   2025-08-05T00:00:00.00,  57 50 45.4762, -00 12 54.8307,   19.516249250,  -7.19
Uranus,   2025-08-06T00:00:00.00,  57 51 26.3474, -00 12 54.3013,   19.516075582,  -7.19
Uranus,   2025-08-07T00:00:00.00,  57 52  7.2192, -00 12 53.7719,   19.515901892,  -7.19
Uranus,   2025-08-08T00:00:00.00,  57 52 48.0917, -00 12 53.2424,   19.515728180,  -7.19
Uranus,   2025-08-09T00:00:00.00,  57 53 28.9649, -00 12 52.7128,   19.515554446,  -7.19
Uranus,   2025-08-10T00:00:00.00,  57 54  9.8387, -00 12 52.1832,   19.515380690,  -7.19
Uranus,   2025-08-11T00:00:00.00,  57 54 50.7133, -00 12 51.6536,   19.515206913,  -7.19
Uranus,   2025-08-12T00:00:00.00,  57 55 31.5885, -00 12 51.1240,   19.515033113,  -7.19
Uranus,   2025-08-13T00:00:00.00,  57 56 12.4644, -00 12 50.5943,   19.514859292,  -7.19
Uranus,   2025-08-14T00:00:00.00,  57 56 53.3410, -00 12 50.0645,   19.514685449,  -7.19
Uranus,   2025-08-15T00:00:00.00,  57 57 34.2182, -00 12 49.5348,   19.514511584,  -7.19
Uranus,   2025-08-16T00:00:00.00,  57 58 15.0962, -00 12 49.0049,   19.514337696,  -7.19
Uranus,   2025-08-17T00:00:00.00,  57 58 55.9748, -00 12 48.4751,   19.514163787,  -7.19
Uranus,   2025-08-18T00:00:00.00,  57 59 36.8541, -00 12 47.9452,   19.513989856,  -7.19
Uranus,   2025-08-19T00:00:00.00,  58  0 17.7341, -00 12 47.4152,   19.513815902,  -7.19
Uranus,   2025-08-20T00:00:00.00,  58  0 58.6147, -00 12 46.8853,   19.513641926,  -7.19
Uranus,   2025-08-21T00:00:00.00,  58  1 39.4961, -00 12 46.3552,   19.513467928,  -7.19
Uranus,   2025-08-22T00:00:00.00,  58  2 20.3781, -00 12 45.8252,   19.513293908,  -7.19
Uranus,   2025-08-23T00:00:00.00,  58  3  1.2608, -00 12 45.2951,   19.513119865,  -7.19
Uranus,   2025-08-24T00:00:00.00,  58  3 42.1441, -00 12 44.7649,   19.512945800,  -7.19
Uranus,   2025-08-25T00:00:00.00,  58  4 23.0281, -00 12 44.2347,   19.512771713,  -7.19
Uranus,   2025-08-26T00:00:00.00,  58  5  3.9129, -00 12 43.7045,   19.512597604,  -7.19
Uranus,   2025-08-27T00:00:00.00,  58  5 44.7982, -00 12 43.1743,   19.512423472,  -7.19
Uranus,   2025-08-28T00:00:00.00,  58  6 25.6843, -00 12 42.6440,   19.512249318,  -7.19
Uranus,   2025-08-29T00:00:00.00,  58  7  6.5710, -00 12 42.1136,   19.512075142,  -7.19
Uranus,   2025-08-30T00:00:00.00,  58  7 47.4584, -00 12 41.5833,   19.511900944,  -7.19
Uranus,   2025-08-31T00:00:00.00,  58  8 28.3464, -00 12 41.0528,   19.511726724,  -7.19
Uranus,   2025-09-01T00:00:00.00,  58  9  9.2351, -00 12 40.5224,   19.511552481,  -7.19
Uranus,   2025-09-02T00:00:00.00,  58  9 50.1245, -00 12 39.9919,   19.511378216,  -7.19
Uranus,   2025-09-03T00:00:00.00,  58 10 31.0145, -00 12 39.4614,   19.511203930,  -7.19
Uranus,   2025-09-04T00:00:00.00,  58 11 11.9053, -00 12 38.9308,   19.511029621,  -7.19
Uranus,   2025-09-05T00:00:00.00,  58 11 52.7966, -00 12 38.4002,   19.510855291,  -7.19
Uranus,   2025-09-06T00:00:00.00,  58 12 33.6887, -00 12 37.8695,   19.510680939,  -7.19
Uranus,   2025-09-07T00:00:00.00,  58 13 14.5814, -00 12 37.3389,   19.510506565,  -7.19
Uranus,   2025-09-08T00:00:00.00,  58 13 55.4747, -00 12 36.8081,   19.510332170,  -7.19
Uranus,   2025-09-09T00:00:00.00,  58 14 36.3688, -00 12 36.2774,   19.510157753,  -7.19
Uranus,   2025-09-10T00:00:00.00,  58 15 17.2634, -00 12 35.7466,   19.509983314,  -7.19
Uranus,   2025-09-11T00:00:00.00,  58 15 58.1588, -00 12 35.2157,   19.509808854,  -7.19
Uranus,   2025-09-12T00:00:00.00,  58 16 39.0548, -00 12 34.6849,   19.509634372,  -7.19
Uranus,   2025-09-13T00:00:00.00,  58 17 19.9515, -00 12 34.1539,   19.509459869,  -7.19
Uranus,   2025-09-14T00:00:00.00,  58 18  0.8488, -00 12 33.6230,   19.509285345,  -7.19
Uranus,   2025-09-15T00:00:00.00,  58 18 41.7468, -00 12 33.0920,   19.509110800,  -7.19
Uranus,   2025-09-16T00:00:00.00,  58 19 22.6455, -00 12 32.5610,   19.508936233,  -7.19
Uranus,   2025-09-17T00:00:00.00,  58 20  3.5448, -00 12 32.0299,   19.508761645,  -7.19
Uranus,   2025-09-18T00:00:00.00,  58 20 44.4448, -00 12 31.4988,   19.508587036,  -7.19
Uranus,   2025-09-19T00:00:00.00,  58 21 25.3454, -00 12 30.9676,   19.508412406,  -7.19
Uranus,   2025-09-20T00:00:00.00,  58 22  6.2467, -00 12 30.4364,   19.508237755,  -7.19
Uranus,   2025-09-21T00:00:00.00,  58 22 47.1487, -00 12 29.9052,   19.508063082,  -7.19
Uranus,   2025-09-22T00:00:00.00,  58 23 28.0513, -00 12 29.3740,   19.507888389,  -7.19
Uranus,   2025-09-23T00:00:00.00,  58 24  8.9546, -00 12 28.8427,   19.507713675,  -7.19
Uranus,   2025-09-24T00:00:00.00,  58 24 49.8585, -00 12 28.3113,   19.507538940,  -7.19
Uranus,   2025-09-25T00:00:00.00,  58 25 30.7631, -00 12 27.7799,   19.507364184,  -7.19
Uranus,   2025-09-26T00:00:00.00,  58 26 11.6684, -00 12 27.2485,   19.507189407,  -7.19
Uranus,   2025-09-27T00:00:00.00,  58 26 52.5743, -00 12 26.7171,   19.507014609,  -7.19
Uranus,   2025-09-28T00:00:00.00,  58 27 33.4809, -00 12 26.1856,   19.506839791,  -7.19
Uranus,   2025-09-29T00:00:00.00,  58 28 14.3881, -00 12 25.6541,   19.506664951,  -7.19
Uranus,   2025-09-30T00:00:00.00,  58 28 55.2960, -00 12 25.1225,   19.506490092,  -7.19
Uranus,   2025-10-01T00:00:00.00,  58 29 36.2046, -00 12 24.5909,   19.506315211,  -7.19
Uranus,   2025-10-02T00:00:00.00,  58 30 17.1138, -00 12 24.0592,   19.506140310,  -7.19
Uranus,   2025-10-03T00:00:00.00,  58 30 58.0237, -00 12 23.5276,   19.505965388,  -7.19
Uranus,   2025-10-04T00:00:00.00,  58 31 38.9342, -00 12 22.9958,   19.505790446,  -7.19
Uranus,   2025-10-05T00:00:00.00,  58 32 19.8454, -00 12 22.4641,   19.505615483,  -7.19
Uranus,   2025-10-06T00:00:00.00,  58 33  0.7573, -00 12 21.9323,   19.505440500,  -7.19
Uranus,   2025-10-07T00:00:00.00,  58 33 41.6698, -00 12 21.4005,   19.505265497,  -7.19
Uranus,   2025-10-08T00:00:00.00,  58 34 22.5830, -00 12 20.8686,   19.505090473,  -7.19
Uranus,   2025-10-09T00:00:00.00,  58 35  3.4968, -00 12 20.3367,   19.504915428,  -7.19
Uranus,   2025-10-10T00:00:00.00,  58 35 44.4113, -00 12 19.8047,   19.504740364,  -7.19
Uranus,   2025-10-11T00:00:00.00,  58 36 25.3265, -00 12 19.2728,   19.504565279,  -7.19
Uranus,   2025-10-12T00:00:00.00,  58 37  6.2423, -00 12 18.7407,   19.504390174,  -7.19
Uranus,   2025-10-13T00:00:00.00,  58 37 47.1588, -00 12 18.2087,   19.504215049,  -7.19
Uranus,   2025-10-14T00:00:00.00,  58 38 28.0759, -00 12 17.6766,   19.504039903,  -7.19
Uranus,   2025-10-15T00:00:00.00,  58 39  8.9937, -00 12 17.1444,   19.503864738,  -7.19
Uranus,   2025-10-16T00:00:00.00,  58 39 49.9121, -00 12 16.6123,   19.503689552,  -7.19
Uranus,   2025-10-17T00:00:00.00,  58 40 30.8312, -00 12 16.0800,   19.503514347,  -7.19
Uranus,   2025-10-18T00:00:00.00,  58 41 11.7510, -00 12 15.5478,   19.503339121,  -7.19
Uranus,   2025-10-19T00:00:00.00,  58 41 52.6714, -00 12 15.0155,   19.503163875,  -7.19
Uranus,   2025-10-20T00:00:00.00,  58 42 33.5925, -00 12 14.4832,   19.502988610,  -7.19
Uranus,   2025-10-21T00:00:00.00,  58 43 14.5142, -00 12 13.9508,   19.502813325,  -7.19
Uranus,   2025-10-22T00:00:00.00,  58 43 55.4367, -00 12 13.4184,   19.502638020,  -7.19
Uranus,   2025-10-23T00:00:00.00,  58 44 36.3597, -00 12 12.8860,   19.502462695,  -7.19
Uranus,   2025-10-24T00:00:00.00,  58 45 17.2834, -00 12 12.3535,   19.502287350,  -7.19
Uranus,   2025-10-25T00:00:00.00,  58 45 58.2078, -00 12 11.8210,   19.502111986,  -7.19
Uranus,   2025-10-26T00:00:00.00,  58 46 39.1329, -00 12 11.2884,   19.501936602,  -7.19
Uranus,   2025-10-27T00:00:00.00,  58 47 20.0586, -00 12 10.7558,   19.501761198,  -7.19
Uranus,   2025-10-28T00:00:00.00,  58 48  0.9849, -00 12 10.2232,   19.501585775,  -7.19
Uranus,   2025-10-29T00:00:00.00,  58 48 41.9119, -00 12  9.6906,   19.501410332,  -7.19
Uranus,   2025-10-30T00:00:00.00,  58 49 22.8396, -00 12  9.1578,   19.501234869,  -7.19
Uranus,   2025-10-31T00:00:00.00,  58 50  3.7680, -00 12  8.6251,   19.501059387,  -7.19
Uranus,   2025-11-01T00:00:00.00,  58 50 44.6970, -00 12  8.0923,   19.500883886,  -7.19
Uranus,   2025-11-02T00:00:00.00,  58 51 25.6266, -00 12  7.5595,   19.500708365,  -7.19
Uranus,   2025-11-03T00:00:00.00,  58 52  6.5569, -00 12  7.0267,   19.500532824,  -7.19
Uranus,   2025-11-04T00:00:00.00,  58 52 47.4879, -00 12  6.4938,   19.500357265,  -7.19
Uranus,   2025-11-05T00:00:00.00,  58 53 28.4196, -00 12  5.9608,   19.500181685,  -7.19
Uranus,   2025-11-06T00:00:00.00,  58 54  9.3519, -00 12  5.4279,   19.500006086,  -7.19
Uranus,   2025-11-07T00:00:00.00,  58 54 50.2848, -00 12  4.8949,   19.499830468,  -7.19
Uranus,   2025-11-08T00:00:00.00,  58 55 31.2185, -00 12  4.3618,   19.499654831,  -7.19
Uranus,   2025-11-09T00:00:00.00,  58 56 12.1528, -00 12  3.8287,   19.499479174,  -7.19
Uranus,   2025-11-10T00:00:00.00,  58 56 53.0877, -00 12  3.2956,   19.499303498,  -7.19
Uranus,   2025-11-11T00:00:00.00,  58 57 34.0233, -00 12  2.7625,   19.499127802,  -7.19
Uranus,   2025-11-12T00:00:00.00,  58 58 14.9596, -00 12  2.2293,   19.498952087,  -7.19
Uranus,   2025-11-13T00:00:00.00,  58 58 55.8965, -00 12  1.6961,   19.498776353,  -7.19
Uranus,   2025-11-14T00:00:00.00,  58 59 36.8341, -00 12  1.1628,   19.498600600,  -7.19
Uranus,   2025-11-15T00:00:00.00,  59  0 17.7724, -00 12  0.6295,   19.498424827,  -7.19
Uranus,   2025-11-16T00:00:00.00,  59  0 58.7113, -00 12  0.0961,   19.498249034,  -7.19
Uranus,   2025-11-17T00:00:00.00,  59  1 39.6509, -00 11 59.5628,   19.498073223,  -7.19
Uranus,   2025-11-18T00:00:00.00,  59  2 20.5912, -00 11 59.0293,   19.497897392,  -7.19
Uranus,   2025-11-19T00:00:00.00,  59  3  1.5321, -00 11 58.4959,   19.497721542,  -7.19
Uranus,   2025-11-20T00:00:00.00,  59  3 42.4737, -00 11 57.9624,   19.497545672,  -7.19
Uranus,   2025-11-21T00:00:00.00,  59  4 23.4159, -00 11 57.4289,   19.497369783,  -7.19
Uranus,   2025-11-22T00:00:00.00,  59  5  4.3588, -00 11 56.8953,   19.497193875,  -7.19
Uranus,   2025-11-23T00:00:00.00,  59  5 45.3023, -00 11 56.3617,   19.497017947,  -7.19
Uranus,   2025-11-24T00:00:00.00,  59  6 26.2465, -00 11 55.8281,   19.496842001,  -7.19
Uranus,   2025-11-25T00:00:00.00,  59  7  7.1914, -00 11 55.2944,   19.496666035,  -7.19
Uranus,   2025-11-26T00:00:00.00,  59  7 48.1369, -00 11 54.7607,   19.496490050,  -7.19
Uranus,   2025-11-27T00:00:00.00,  59  8 29.0831, -00 11 54.2269,   19.496314046,  -7.19
Uranus,   2025-11-28T00:00:00.00,  59  9 10.0300, -00 11 53.6931,   19.496138023,  -7.19
Uranus,   2025-11-29T00:00:00.00,  59  9 50.9775, -00 11 53.1593,   19.495961981,  -7.19
Uranus,   2025-11-30T00:00:00.00,  59 10 31.9257, -00 11 52.6255,   19.495785921,  -7.19
Uranus,   2025-12-01T00:00:00.00,  59 11 12.8745, -00 11 52.0916,   19.495609841,  -7.19
Uranus,   2025-12-02T00:00:00.00,  59 11 53.8240, -00 11 51.5576,   19.495433743,  -7.19
Uranus,   2025-12-03T00:00:00.00,  59 12 34.7741, -00 11 51.0237,   19.495257627,  -7.19
Uranus,   2025-12-04T00:00:00.00,  59 13 15.7249, -00 11 50.4897,   19.495081491,  -7.19
Uranus,   2025-12-05T00:00:00.00,  59 13 56.6764, -00 11 49.9556,   19.494905337,  -7.19
Uranus,   2025-12-06T00:00:00.00,  59 14 37.6285, -00 11 49.4216,   19.494729165,  -7.19
Uranus,   2025-12-07T00:00:00.00,  59 15 18.5813, -00 11 48.8874,   19.494552975,  -7.19
Uranus,   2025-12-08T00:00:00.00,  59 15 59.5347, -00 11 48.3533,   19.494376766,  -7.19
Uranus,   2025-12-09T00:00:00.00,  59 16 40.4888, -00 11 47.8191,   19.494200539,  -7.19
Uranus,   2025-12-10T00:00:00.00,  59 17 21.4436, -00 11 47.2849,   19.494024293,  -7.19
Uranus,   2025-12-11T00:00:00.00,  59 18  2.3990, -00 11 46.7506,   19.493848030,  -7.19
Uranus,   2025-12-12T00:00:00.00,  59 18 43.3551, -00 11 46.2163,   19.493671748,  -7.19
Uranus,   2025-12-13T00:00:00.00,  59 19 24.3118, -00 11 45.6820,   19.493495448,  -7.19
Uranus,   2025-12-14T00:00:00.00,  59 20  5.2692, -00 11 45.1476,   19.493319130,  -7.19
Uranus,   2025-12-15T00:00:00.00,  59 20 46.2273, -00 11 44.6132,   19.493142794,  -7.19
Uranus,   2025-12-16T00:00:00.00,  59 21 27.1860, -00 11 44.0788,   19.492966440,  -7.19
Uranus,   2025-12-17T00:00:00.00,  59 22  8.1454, -00 11 43.5443,   19.492790068,  -7.19
Uranus,   2025-12-18T00:00:00.00,  59 22 49.1055, -00 11 43.0098,   19.492613678,  -7.19
Uranus,   2025-12-19T00:00:00.00,  59 23 30.0662, -00 11 42.4752,   19.492437270,  -7.19
Uranus,   2025-12-20T00:00:00.00,  59 24 11.0276, -00 11 41.9406,   19.492260845,  -7.19
Uranus,   2025-12-21T00:00:00.00,  59 24 51.9897, -00 11 41.4060,   19.492084401,  -7.19
Uranus,   2025-12-22T00:00:00.00,  59 25 32.9524, -00 11 40.8713,   19.491907939,  -7.19
Uranus,   2025-12-23T00:00:00.00,  59 26 13.9158, -00 11 40.3366,   19.491731459,  -7.19
Uranus,   2025-12-24T00:00:00.00,  59 26 54.8799, -00 11 39.8019,   19.491554962,  -7.19
Uranus,   2025-12-25T00:00:00.00,  59 27 35.8446, -00 11 39.2671,   19.491378446,  -7.19
Uranus,   2025-12-26T00:00:00.00,  59 28 16.8100, -00 11 38.7323,   19.491201913,  -7.19
Uranus,   2025-12-27T00:00:00.00,  59 28 57.7761, -00 11 38.1974,   19.491025361,  -7.19
Uranus,   2025-12-28T00:00:00.00,  59 29 38.7428, -00 11 37.6625,   19.490848792,  -7.19
Uranus,   2025-12-29T00:00:00.00,  59 30 19.7102, -00 11 37.1276,   19.490672205,  -7.19
Uranus,   2025-12-30T00:00:00.00,  59 31  0.6783, -00 11 36.5926,   19.490495600,  -7.19
Uranus,   2025-12-31T00:00:00.00,  59 31 41.6470, -00 11 36.0576,   19.490318977,  -7.19
Uranus,   2026-01-01T00:00:00.00,  59 32 22.6165, -00 11 35.5226,   19.490142337,  -7.19
Uranus,   2026-01-02T00:00:00.00,  59 33  3.5865, -00 11 34.9875,   19.489965678,  -7.19
Uranus,   2026-01-03T00:00:00.00,  59 33 44.5573, -00 11 34.4524,   19.489789002,  -7.19
Uranus,   2026-01-04T00:00:00.00,  59 34 25.5287, -00 11 33.9173,   19.489612308,  -7.19
Uranus,   2026-01-05T00:00:00.00,  59 35  6.5008, -00 11 33.3821,   19.489435596,  -7.19
Uranus,   2026-01-06T00:00:00.00,  59 35 47.4736, -00 11 32.8468,   19.489258866,  -7.19
Uranus,   2026-01-07T00:00:00.00,  59 36 28.4470, -00 11 32.3116,   19.489082118,  -7.19
Uranus,   2026-01-08T00:00:00.00,  59 37  9.4212, -00 11 31.7763,   19.488905352,  -7.19
Uranus,   2026-01-09T00:00:00.00,  59 37 50.3960, -00 11 31.2409,   19.488728568,  -7.19
Uranus,   2026-01-10T00:00:00.00,  59 38 31.3714, -00 11 30.7056,   19.488551767,  -7.19
Uranus,   2026-01-11T00:00:00.00,  59 39 12.3475, -00 11 30.1702,   19.488374947,  -7.19
Uranus,   2026-01-12T00:00:00.00,  59 39 53.3244, -00 11 29.6347,   19.488198110,  -7.19
Uranus,   2026-01-13T00:00:00.00,  59 40 34.3018, -00 11 29.0992,   19.488021255,  -7.19
Uranus,   2026-01-14T00:00:00.00,  59 41 15.2800, -00 11 28.5637,   19.487844382,  -7.19
Uranus,   2026-01-15T00:00:00.00,  59 41 56.2588, -00 11 28.0281,   19.487667491,  -7.19
Uranus,   2026-01-16T00:00:00.00,  59 42 37.2383, -00 11 27.4925,   19.487490582,  -7.19
Uranus,   2026-01-17T00:00:00.00,  59 43 18.2185, -00 11 26.9569,   19.487313655,  -7.19
Uranus,   2026-01-18T00:00:00.00,  59 43 59.1994, -00 11 26.4212,   19.487136710,  -7.19
Uranus,   2026-01-19T00:00:00.00,  59 44 40.1809, -00 11 25.8855,   19.486959747,  -7.19
Uranus,   2026-01-20T00:00:00.00,  59 45 21.1631, -00 11 25.3498,   19.486782766,  -7.19
Uranus,   2026-01-21T00:00:00.00,  59 46  2.1460, -00 11 24.8140,   19.486605767,  -7.19
Uranus,   2026-01-22T00:00:00.00,  59 46 43.1295, -00 11 24.2782,   19.486428751,  -7.19
Uranus,   2026-01-23T00:00:00.00,  59 47 24.1137, -00 11 23.7423,   19.486251716,  -7.19
Uranus,   2026-01-24T00:00:00.00,  59 48  5.0986, -00 11 23.2064,   19.486074663,  -7.19
Uranus,   2026-01-25T00:00:00.00,  59 48 46.0842, -00 11 22.6705,   19.485897592,  -7.19
Uranus,   2026-01-26T00:00:00.00,  59 49 27.0705, -00 11 22.1345,   19.485720503,  -7.19
Uranus,   2026-01-27T00:00:00.00,  59 50  8.0574, -00 11 21.5985,   19.485543396,  -7.19
Uranus,   2026-01-28T00:00:00.00,  59 50 49.0450, -00 11 21.0624,   19.485366270,  -7.19
Uranus,   2026-01-29T00:00:00.00,  59 51 30.0333, -00 11 20.5263,   19.485189127,  -7.19
Uranus,   2026-01-30T00:00:00.00,  59 52 11.0223, -00 11 19.9902,   19.485011965,  -7.19
Uranus,   2026-01-31T00:00:00.00,  59 52 52.0119, -00 11 19.4541,   19.484834786,  -7.19
Uranus,   2026-02-01T00:00:00.00,  59 53 33.0022, -00 11 18.9179,   19.484657588,  -7.19
Uranus,   2026-02-02T00:00:00.00,  59 54 13.9932, -00 11 18.3816,   19.484480371,  -7.19
Uranus,   2026-02-03T00:00:00.00,  59 54 54.9849, -00 11 17.8453,   19.484303137,  -7.19
Uranus,   2026-02-04T00:00:00.00,  59 55 35.9773, -00 11 17.3090,   19.484125884,  -7.19
Uranus,   2026-02-05T00:00:00.00,  59 56 16.9703, -00 11 16.7727,   19.483948613,  -7.19
Uranus,   2026-02-06T00:00:00.00,  59 56 57.9640, -00 11 16.2363,   19.483771323,  -7.19
Uranus,   2026-02-07T00:00:00.00,  59 57 38.9584, -00 11 15.6999,   19.483594015,  -7.19
Uranus,   2026-02-08T00:00:00.00,  59 58 19.9534, -00 11 15.1634,   19.483416688,  -7.19
Uranus,   2026-02-09T00:00:00.00,  59 59  0.9492, -00 11 14.6269,   19.483239343,  -7.19
Uranus,   2026-02-10T00:00:00.00,  59 59 41.9456, -00 11 14.0904,   19.483061979,  -7.19
Uranus,   2026-02-11T00:00:00.00,  60  0 22.9427, -00 11 13.5538,   19.482884597,  -7.19
Uranus,   2026-02-12T00:00:00.00,  60  1  3.9404, -00 11 13.0172,   19.482707196,  -7.19
Uranus,   2026-02-13T00:00:00.00,  60  1 44.9389, -00 11 12.4806,   19.482529776,  -7.19
Uranus,   2026-02-14T00:00:00.00,  60  2 25.9380, -00 11 11.9439,   19.482352338,  -7.19
Uranus,   2026-02-15T00:00:00.00,  60  3  6.9378, -00 11 11.4072,   19.482174881,  -7.19
Uranus,   2026-02-16T00:00:00.00,  60  3 47.9383, -00 11 10.8704,   19.481997405,  -7.19
Uranus,   2026-02-17T00:00:00.00,  60  4 28.9394, -00 11 10.3336,   19.481819910,  -7.19
Uranus,   2026-02-18T00:00:00.00,  60  5  9.9412, -00 11  9.7968,   19.481642397,  -7.19
Uranus,   2026-02-19T00:00:00.00,  60  5 50.9437, -00 11  9.2599,   19.481464864,  -7.19
Uranus,   2026-02-20T00:00:00.00,  60  6 31.9468, -00 11  8.7230,   19.481287313,  -7.19
Uranus,   2026-02-21T00:00:00.00,  60  7 12.9507, -00 11  8.1861,   19.481109743,  -7.19
Uranus,   2026-02-22T00:00:00.00,  60  7 53.9552, -00 11  7.6491,   19.480932154,  -7.19
Uranus,   2026-02-23T00:00:00.00,  60  8 34.9603, -00 11  7.1121,   19.480754547,  -7.19
Uranus,   2026-02-24T00:00:00.00,  60  9 15.9661, -00 11  6.5751,   19.480576921,  -7.19
Uranus,   2026-02-25T00:00:00.00,  60  9 56.9726, -00 11  6.0380,   19.480399276,  -7.19
Uranus,   2026-02-26T00:00:00.00,  60 10 37.9798, -00 11  5.5009,   19.480221612,  -7.19
Uranus,   2026-02-27T00:00:00.00,  60 11 18.9876, -00 11  4.9637,   19.480043930,  -7.19
Uranus,   2026-02-28T00:00:00.00,  60 11 59.9961, -00 11  4.4265,   19.479866229,  -7.19
Uranus,   2026-03-01T00:00:00.00,  60 12 41.0053, -00 11  3.8893,   19.479688510,  -7.19
Uranus,   2026-03-02T00:00:00.00,  60 13 22.0152, -00 11  3.3520,   19.479510773,  -7.19
Uranus,   2026-03-03T00:00:00.00,  60 14  3.0257, -00 11  2.8147,   19.479333017,  -7.19
Uranus,   2026-03-04T00:00:00.00,  60 14 44.0368, -00 11  2.2774,   19.479155242,  -7.19
Uranus,   2026-03-05T00:00:00.00,  60 15 25.0487, -00 11  1.7400,   19.478977450,  -7.19
Uranus,   2026-03-06T00:00:00.00,  60 16  6.0611, -00 11  1.2026,   19.478799639,  -7.19
Uranus,   2026-03-07T00:00:00.00,  60 16 47.0743, -00 11  0.6652,   19.478621810,  -7.19
Uranus,   2026-03-08T00:00:00.00,  60 17 28.0881, -00 11  0.1277,   19.478443962,  -7.19
Uranus,   2026-03-09T00:00:00.00,  60 18  9.1026, -00 10 59.5902,   19.478266096,  -7.19
Uranus,   2026-03-10T00:00:00.00,  60 18 50.1178, -00 10 59.0527,   19.478088213,  -7.19
Uranus,   2026-03-11T00:00:00.00,  60 19 31.1336, -00 10 58.5151,   19.477910311,  -7.19
Uranus,   2026-03-12T00:00:00.00,  60 20 12.1501, -00 10 57.9775,   19.477732391,  -7.19
Uranus,   2026-03-13T00:00:00.00,  60 20 53.1673, -00 10 57.4398,   19.477554452,  -7.19
Uranus,   2026-03-14T00:00:00.00,  60 21 34.1851, -00 10 56.9021,   19.477376496,  -7.19
Uranus,   2026-03-15T00:00:00.00,  60 22 15.2036, -00 10 56.3644,   19.477198522,  -7.19
Uranus,   2026-03-16T00:00:00.00,  60 22 56.2228, -00 10 55.8266,   19.477020530,  -7.19
Uranus,   2026-03-17T00:00:00.00,  60 23 37.2426, -00 10 55.2888,   19.476842519,  -7.19
Uranus,   2026-03-18T00:00:00.00,  60 24 18.2631, -00 10 54.7510,   19.476664491,  -7.19
Uranus,   2026-03-19T00:00:00.00,  60 24 59.2842, -00 10 54.2131,   19.476486444,  -7.19
Uranus,   2026-03-20T00:00:00.00,  60 25 40.3060, -00 10 53.6752,   19.476308380,  -7.19
Uranus,   2026-03-21T00:00:00.00,  60 26 21.3285, -00 10 53.1373,   19.476130298,  -7.19
Uranus,   2026-03-22T00:00:00.00,  60 27  2.3517, -00 10 52.5993,   19.475952197,  -7.19
Uranus,   2026-03-23T00:00:00.00,  60 27 43.3755, -00 10 52.0613,   19.475774079,  -7.19
Uranus,   2026-03-24T00:00:00.00,  60 28 24.4000, -00 10 51.5232,   19.475595943,  -7.19
Uranus,   2026-03-25T00:00:00.00,  60 29  5.4251, -00 10 50.9852,   19.475417789,  -7.19
Uranus,   2026-03-26T00:00:00.00,  60 29 46.4509, -00 10 50.4470,   19.475239617,  -7.19
Uranus,   2026-03-27T00:00:00.00,  60 30 27.4774, -00 10 49.9089,   19.475061428,  -7.19
Uranus,   2026-03-28T00:00:00.00,  60 31  8.5045, -00 10 49.3707,   19.474883220,  -7.19
Uranus,   2026-03-29T00:00:00.00,  60 31 49.5323, -00 10 48.8325,   19.474704995,  -7.19
Uranus,   2026-03-30T00:00:00.00,  60 32 30.5608, -00 10 48.2942,   19.474526751,  -7.19
Uranus,   2026-03-31T00:00:00.00,  60 33 11.5899, -00 10 47.7559,   19.474348491,  -7.19
Uranus,   2026-04-01T00:00:00.00,  60 33 52.6197, -00 10 47.2176,   19.474170212,  -7.19
Uranus,   2026-04-02T00:00:00.00,  60 34 33.6502, -00 10 46.6792,   19.473991915,  -7.19
Uranus,   2026-04-03T00:00:00.00,  60 35 14.6813, -00 10 46.1408,   19.473813601,  -7.19
Uranus,   2026-04-04T00:00:00.00,  60 35 55.7130, -00 10 45.6024,   19.473635270,  -7.19
Uranus,   2026-04-05T00:00:00.00,  60 36 36.7455, -00 10 45.0639,   19.473456920,  -7.19
Uranus,   2026-04-06T00:00:00.00,  60 37 17.7786, -00 10 44.5254,   19.473278553,  -7.19
Uranus,   2026-04-07T00:00:00.00,  60 37 58.8124, -00 10 43.9869,   19.473100168,  -7.19
Uranus,   2026-04-08T00:00:00.00,  60 38 39.8468, -00 10 43.4483,   19.472921766,  -7.19
Uranus,   2026-04-09T00:00:00.00,  60 39 20.8819, -00 10 42.9097,   19.472743346,  -7.19
Uranus,   2026-04-10T00:00:00.00,  60 40  1.9176, -00 10 42.3710,   19.472564909,  -7.19
Uranus,   2026-04-11T00:00:00.00,  60 40 42.9541, -00 10 41.8324,   19.472386454,  -7.19
Uranus,   2026-04-12T00:00:00.00,  60 41 23.9911, -00 10 41.2937,   19.472207982,  -7.19
Uranus,   2026-04-13T00:00:00.00,  60 42  5.0289, -00 10 40.7549,   19.472029492,  -7.19
Uranus,   2026-04-14T00:00:00.00,  60 42 46.0673, -00 10 40.2161,   19.471850985,  -7.19
Uranus,   2026-04-15T00:00:00.00,  60 43 27.1063, -00 10 39.6773,   19.471672460,  -7.19
Uranus,   2026-04-16T00:00:00.00,  60 44  8.1461, -00 10 39.1384,   19.471493918,  -7.19
Uranus,   2026-04-17T00:00:00.00,  60 44 49.1865, -00 10 38.5995,   19.471315359,  -7.19
Uranus,   2026-04-18T00:00:00.00,  60 45 30.2275, -00 10 38.0606,   19.471136782,  -7.19
Uranus,   2026-04-19T00:00:00.00,  60 46 11.2692, -00 10 37.5217,   19.470958189,  -7.19
Uranus,   2026-04-20T00:00:00.00,  60 46 52.3116, -00 10 36.9827,   19.470779578,  -7.19
Uranus,   2026-04-21T00:00:00.00,  60 47 33.3546, -00 10 36.4436,   19.470600949,  -7.19
Uranus,   2026-04-22T00:00:00.00,  60 48 14.3983, -00 10 35.9046,   19.470422304,  -7.19
Uranus,   2026-04-23T00:00:00.00,  60 48 55.4427, -00 10 35.3655,   19.470243641,  -7.19
Uranus,   2026-04-24T00:00:00.00,  60 49 36.4877, -00 10 34.8263,   19.470064962,  -7.19
Uranus,   2026-04-25T00:00:00.00,  60 50 17.5333, -00 10 34.2872,   19.469886265,  -7.19
Uranus,   2026-04-26T00:00:00.00,  60 50 58.5797, -00 10 33.7480,   19.469707551,  -7.19
Uranus,   2026-04-27T00:00:00.00,  60 51 39.6267, -00 10 33.2087,   19.469528821,  -7.19
Uranus,   2026-04-28T00:00:00.00,  60 52 20.6743, -00 10 32.6695,   19.469350073,  -7.19
Uranus,   2026-04-29T00:00:00.00,  60 53  1.7226, -00 10 32.1302,   19.469171308,  -7.19
Uranus,   2026-04-30T00:00:00.00,  60 53 42.7716, -00 10 31.5908,   19.468992526,  -7.19
Uranus,   2026-05-01T00:00:00.00,  60 54 23.8213, -00 10 31.0515,   19.468813728,  -7.19
Uranus,   2026-05-02T00:00:00.00,  60 55  4.8716, -00 10 30.5120,   19.468634912,  -7.19
Uranus,   2026-05-03T00:00:00.00,  60 55 45.9225, -00 10 29.9726,   19.468456080,  -7.19
Uranus,   2026-05-04T00:00:00.00,  60 56 26.9741, -00 10 29.4331,   19.468277230,  -7.19
Uranus,   2026-05-05T00:00:00.00,  60 57  8.0264, -00 10 28.8936,   19.468098364,  -7.19
Uranus,   2026-05-06T00:00:00.00,  60 57 49.0793, -00 10 28.3541,   19.467919481,  -7.19
Uranus,   2026-05-07T00:00:00.00,  60 58 30.1329, -00 10 27.8145,   19.467740582,  -7.19
Uranus,   2026-05-08T00:00:00.00,  60 59 11.1872, -00 10 27.2749,   19.467561665,  -7.19
Uranus,   2026-05-09T00:00:00.00,  60 59 52.2421, -00 10 26.7352,   19.467382732,  -7.19
Uranus,   2026-05-10T00:00:00.00,  61  0 33.2977, -00 10 26.1956,   19.467203782,  -7.19
Uranus,   2026-05-11T00:00:00.00,  61  1 14.3539, -00 10 25.6558,   19.467024815,  -7.19
Uranus,   2026-05-12T00:00:00.00,  61  1 55.4108, -00 10 25.1161,   19.466845831,  -7.19
Uranus,   2026-05-13T00:00:00.00,  61  2 36.4684, -00 10 24.5763,   19.466666831,  -7.19
Uranus,   2026-05-14T00:00:00.00,  61  3 17.5266, -00 10 24.0365,   19.466487814,  -7.19
Uranus,   2026-05-15T00:00:00.00,  61  3 58.5854, -00 10 23.4967,   19.466308780,  -7.19
Uranus,   2026-05-16T00:00:00.00,  61  4 39.6450, -00 10 22.9568,   19.466129730,  -7.19
Uranus,   2026-05-17T00:00:00.00,  61  5 20.7051, -00 10 22.4169,   19.465950663,  -7.19
Uranus,   2026-05-18T00:00:00.00,  61  6  1.7660, -00 10 21.8769,   19.465771580,  -7.19
Uranus,   2026-05-19T00:00:00.00,  61  6 42.8275, -00 10 21.3369,   19.465592480,  -7.19
Uranus,   2026-05-20T00:00:00.00,  61  7 23.8896, -00 10 20.7969,   19.465413364,  -7.19
Uranus,   2026-05-21T00:00:00.00,  61  8  4.9524, -00 10 20.2569,   19.465234232,  -7.19
Uranus,   2026-05-22T00:00:00.00,  61  8 46.0159, -00 10 19.7168,   19.465055083,  -7.19
Uranus,   2026-05-23T00:00:00.00,  61  9 27.0800, -00 10 19.1767,   19.464875918,  -7.19
Uranus,   2026-05-24T00:00:00.00,  61 10  8.1447, -00 10 18.6365,   19.464696737,  -7.19
Uranus,   2026-05-25T00:00:00.00,  61 10 49.2101, -00 10 18.0964,   19.464517540,  -7.19
Uranus,   2026-05-26T00:00:00.00,  61 11 30.2762, -00 10 17.5562,   19.464338328,  -7.19
Uranus,   2026-05-27T00:00:00.00,  61 12 11.3429, -00 10 17.0159,   19.464159099,  -7.19
Uranus,   2026-05-28T00:00:00.00,  61 12 52.4103, -00 10 16.4757,   19.463979855,  -7.19
Uranus,   2026-05-29T00:00:00.00,  61 13 33.4783, -00 10 15.9354,   19.463800596,  -7.19
Uranus,   2026-05-30T00:00:00.00,  61 14 14.5470, -00 10 15.3950,   19.463621321,  -7.19
Uranus,   2026-05-31T00:00:00.00,  61 14 55.6163, -00 10 14.8546,   19.463442030,  -7.19
Uranus,   2026-06-01T00:00:00.00,  61 15 36.6863, -00 10 14.3142,   19.463262724,  -7.19
Uranus,   2026-06-02T00:00:00.00,  61 16 17.7569, -00 10 13.7738,   19.463083404,  -7.19
Uranus,   2026-06-03T00:00:00.00,  61 16 58.8282, -00 10 13.2333,   19.462904068,  -7.19
Uranus,   2026-06-04T00:00:00.00,  61 17 39.9002, -00 10 12.6928,   19.462724717,  -7.19
Uranus,   2026-06-05T00:00:00.00,  61 18 20.9728, -00 10 12.1523,   19.462545351,  -7.19
Uranus,   2026-06-06T00:00:00.00,  61 19  2.0461, -00 10 11.6118,   19.462365970,  -7.19
Uranus,   2026-06-07T00:00:00.00,  61 19 43.1200, -00 10 11.0712,   19.462186574,  -7.19
Uranus,   2026-06-08T00:00:00.00,  61 20 24.1946, -00 10 10.5305,   19.462007164,  -7.19
Uranus,   2026-06-09T00:00:00.00,  61 21  5.2698, -00 10  9.9899,   19.461827738,  -7.19
Uranus,   2026-06-10T00:00:00.00,  61 21 46.3457, -00 10  9.4492,   19.461648299,  -7.19
Uranus,   2026-06-11T00:00:00.00,  61 22 27.4222, -00 10  8.9085,   19.461468844,  -7.19
Uranus,   2026-06-12T00:00:00.00,  61 23  8.4994, -00 10  8.3677,   19.461289375,  -7.19
Uranus,   2026-06-13T00:00:00.00,  61 23 49.5773, -00 10  7.8269,   19.461109892,  -7.19
Uranus,   2026-06-14T00:00:00.00,  61 24 30.6558, -00 10  7.2861,   19.460930394,  -7.19
Uranus,   2026-06-15T00:00:00.00,  61 25 11.7350, -00 10  6.7452,   19.460750882,  -7.19
Uranus,   2026-06-16T00:00:00.00,  61 25 52.8149, -00 10  6.2043,   19.460571355,  -7.19
Uranus,   2026-06-17T00:00:00.00,  61 26 33.8954, -00 10  5.6634,   19.460391815,  -7.19
Uranus,   2026-06-18T00:00:00.00,  61 27 14.9766, -00 10  5.1225,   19.460212260,  -7.19
Uranus,   2026-06-19T00:00:00.00,  61 27 56.0584, -00 10  4.5815,   19.460032690,  -7.19
Uranus,   2026-06-20T00:00:00.00,  61 28 37.1409, -00 10  4.0405,   19.459853107,  -7.19
Uranus,   2026-06-21T00:00:00.00,  61 29 18.2241, -00 10  3.4994,   19.459673509,  -7.19
Uranus,   2026-06-22T00:00:00.00,  61 29 59.3079, -00 10  2.9583,   19.459493898,  -7.19
Uranus,   2026-06-23T00:00:00.00,  61 30 40.3924, -00 10  2.4172,   19.459314272,  -7.19
Uranus,   2026-06-24T00:00:00.00,  61 31 21.4776, -00 10  1.8761,   19.459134633,  -7.19
Uranus,   2026-06-25T00:00:00.00,  61 32  2.5634, -00 10  1.3349,   19.458954979,  -7.19
Uranus,   2026-06-26T00:00:00.00,  61 32 43.6499, -00 10  0.7937,   19.458775311,  -7.19
Uranus,   2026-06-27T00:00:00.00,  61 33 24.7371, -00 10  0.2525,   19.458595630,  -7.19
Uranus,   2026-06-28T00:00:00.00,  61 34  5.8249, -00  9 59.7112,   19.458415935,  -7.19
Uranus,   2026-06-29T00:00:00.00,  61 34 46.9134, -00  9 59.1699,   19.458236225,  -7.19
Uranus,   2026-06-30T00:00:00.00,  61 35 28.0026, -00  9 58.6285,   19.458056502,  -7.19
Uranus,   2026-07-01T00:00:00.00,  61 36  9.0924, -00  9 58.0872,   19.457876765,  -7.19
Uranus,   2026-07-02T00:00:00.00,  61 36 50.1829, -00  9 57.5458,   19.457697015,  -7.19
Uranus,   2026-07-03T00:00:00.00,  61 37 31.2741, -00  9 57.0043,   19.457517251,  -7.19
Uranus,   2026-07-04T00:00:00.00,  61 38 12.3660, -00  9 56.4628,   19.457337473,  -7.19
Uranus,   2026-07-05T00:00:00.00,  61 38 53.4585, -00  9 55.9213,   19.457157681,  -7.19
Uranus,   2026-07-06T00:00:00.00,  61 39 34.5517, -00  9 55.3798,   19.456977875,  -7.19
Uranus,   2026-07-07T00:00:00.00,  61 40 15.6456, -00  9 54.8382,   19.456798056,  -7.19
Uranus,   2026-07-08T00:00:00.00,  61 40 56.7401, -00  9 54.2966,   19.456618224,  -7.19
Uranus,   2026-07-09T00:00:00.00,  61 41 37.8353, -00  9 53.7550,   19.456438377,  -7.19
Uranus,   2026-07-10T00:00:00.00,  61 42 18.9312, -00  9 53.2133,   19.456258517,  -7.19
Uranus,   2026-07-11T00:00:00.00,  61 43  0.0278, -00  9 52.6716,   19.456078644,  -7.19
Uranus,   2026-07-12T00:00:00.00,  61 43 41.1250, -00  9 52.1299,   19.455898757,  -7.19
Uranus,   2026-07-13T00:00:00.00,  61 44 22.2230, -00  9 51.5881,   19.455718856,  -7.19
Uranus,   2026-07-14T00:00:00.00,  61 45  3.3216, -00  9 51.0463,   19.455538942,  -7.19
Uranus,   2026-07-15T00:00:00.00,  61 45 44.4208, -00  9 50.5045,   19.455359014,  -7.19
Uranus,   2026-07-16T00:00:00.00,  61 46 25.5208, -00  9 49.9626,   19.455179072,  -7.19
Uranus,   2026-07-17T00:00:00.00,  61 47  6.6214, -00  9 49.4208,   19.454999117,  -7.19
Uranus,   2026-07-18T00:00:00.00,  61 47 47.7228, -00  9 48.8788,   19.454819149,  -7.19
Uranus,   2026-07-19T00:00:00.00,  61 48 28.8248, -00  9 48.3369,   19.454639167,  -7.19
Uranus,   2026-07-20T00:00:00.00,  61 49  9.9274, -00  9 47.7949,   19.454459171,  -7.19
Uranus,   2026-07-21T00:00:00.00,  61 49 51.0308, -00  9 47.2528,   19.454279162,  -7.19
Uranus,   2026-07-22T00:00:00.00,  61 50 32.1348, -00  9 46.7108,   19.454099139,  -7.19
Uranus,   2026-07-23T00:00:00.00,  61 51 13.2396, -00  9 46.1687,   19.453919102,  -7.19
Uranus,   2026-07-24T00:00:00.00,  61 51 54.3450, -00  9 45.6266,   19.453739052,  -7.19
Uranus,   2026-07-25T00:00:00.00,  61 52 35.4511, -00  9 45.0844,   19.453558989,  -7.19
Uranus,   2026-07-26T00:00:00.00,  61 53 16.5579, -00  9 44.5422,   19.453378912,  -7.19
Uranus,   2026-07-27T00:00:00.00,  61 53 57.6653, -00  9 44.0000,   19.453198821,  -7.19
Uranus,   2026-07-28T00:00:00.00,  61 54 38.7735, -00  9 43.4578,   19.453018716,  -7.19
Uranus,   2026-07-29T00:00:00.00,  61 55 19.8823, -00  9 42.9155,   19.452838598,  -7.19
Uranus,   2026-07-30T00:00:00.00,  61 56  0.9919, -00  9 42.3731,   19.452658466,  -7.19
Uranus,   2026-07-31T00:00:00.00,  61 56 42.1021, -00  9 41.8308,   19.452478320,  -7.19
Uranus,   2026-08-01T00:00:00.00,  61 57 23.2130, -00  9 41.2884,   19.452298160,  -7.19
Uranus,   2026-08-02T00:00:00.00,  61 58  4.3246, -00  9 40.7460,   19.452117987,  -7.19
Uranus,   2026-08-03T00:00:00.00,  61 58 45.4369, -00  9 40.2035,   19.451937799,  -7.19
Uranus,   2026-08-04T00:00:00.00,  61 59 26.5499, -00  9 39.6611,   19.451757598,  -7.19
Uranus,   2026-08-05T00:00:00.00,  62  0  7.6635, -00  9 39.1185,   19.451577382,  -7.19
Uranus,   2026-08-06T00:00:00.00,  62  0 48.7779, -00  9 38.5760,   19.451397153,  -7.19
Uranus,   2026-08-07T00:00:00.00,  62  1 29.8929, -00  9 38.0334,   19.451216910,  -7.19
Uranus,   2026-08-08T00:00:00.00,  62  2 11.0087, -00  9 37.4908,   19.451036652,  -7.19
Uranus,   2026-08-09T00:00:00.00,  62  2 52.1251, -00  9 36.9481,   19.450856380,  -7.19
Uranus,   2026-08-10T00:00:00.00,  62  3 33.2422, -00  9 36.4055,   19.450676094,  -7.19
Uranus,   2026-08-11T00:00:00.00,  62  4 14.3600, -00  9 35.8628,   19.450495794,  -7.19
Uranus,   2026-08-12T00:00:00.00,  62  4 55.4785, -00  9 35.3200,   19.450315479,  -7.19
Uranus,   2026-08-13T00:00:00.00,  62  5 36.5977, -00  9 34.7772,   19.450135150,  -7.19
Uranus,   2026-08-14T00:00:00.00,  62  6 17.7176, -00  9 34.2344,   19.449954807,  -7.19
Uranus,   2026-08-15T00:00:00.00,  62  6 58.8382, -00  9 33.6916,   19.449774449,  -7.19
Uranus,   2026-08-16T00:00:00.00,  62  7 39.9594, -00  9 33.1487,   19.449594077,  -7.19
Uranus,   2026-08-17T00:00:00.00,  62  8 21.0814, -00  9 32.6058,   19.449413691,  -7.19
Uranus,   2026-08-18T00:00:00.00,  62  9  2.2040, -00  9 32.0629,   19.449233290,  -7.19
Uranus,   2026-08-19T00:00:00.00,  62  9 43.3273, -00  9 31.5199,   19.449052875,  -7.19
Uranus,   2026-08-20T00:00:00.00,  62 10 24.4514, -00  9 30.9769,   19.448872446,  -7.19
Uranus,   2026-08-21T00:00:00.00,  62 11  5.5761, -00  9 30.4339,   19.448692002,  -7.19
Uranus,   2026-08-22T00:00:00.00,  62 11 46.7015, -00  9 29.8908,   19.448511544,  -7.19
Uranus,   2026-08-23T00:00:00.00,  62 12 27.8276, -00  9 29.3477,   19.448331072,  -7.19
Uranus,   2026-08-24T00:00:00.00,  62 13  8.9543, -00  9 28.8046,   19.448150586,  -7.19
Uranus,   2026-08-25T00:00:00.00,  62 13 50.0818, -00  9 28.2614,   19.447970085,  -7.19
Uranus,   2026-08-26T00:00:00.00,  62 14 31.2099, -00  9 27.7183,   19.447789570,  -7.19
Uranus,   2026-08-27T00:00:00.00,  62 15 12.3388, -00  9 27.1750,   19.447609041,  -7.19
Uranus,   2026-08-28T00:00:00.00,  62 15 53.4683, -00  9 26.6318,   19.447428498,  -7.19
Uranus,   2026-08-29T00:00:00.00,  62 16 34.5986, -00  9 26.0885,   19.447247940,  -7.19
Uranus,   2026-08-30T00:00:00.00,  62 17 15.7295, -00  9 25.5452,   19.447067369,  -7.19
Uranus,   2026-08-31T00:00:00.00,  62 17 56.8611, -00  9 25.0018,   19.446886783,  -7.19
Uranus,   2026-09-01T00:00:00.00,  62 18 37.9934, -00  9 24.4585,   19.446706183,  -7.19
Uranus,   2026-09-02T00:00:00.00,  62 19 19.1264, -00  9 23.9150,   19.446525569,  -7.19
Uranus,   2026-09-03T00:00:00.00,  62 20  0.2601, -00  9 23.3716,   19.446344940,  -7.19
Uranus,   2026-09-04T00:00:00.00,  62 20 41.3945, -00  9 22.8281,   19.446164297,  -7.19
Uranus,   2026-09-05T00:00:00.00,  62 21 22.5296, -00  9 22.2846,   19.445983640,  -7.19
Uranus,   2026-09-06T00:00:00.00,  62 22  3.6653, -00  9 21.7411,   19.445802969,  -7.19
Uranus,   2026-09-07T00:00:00.00,  62 22 44.8018, -00  9 21.1975,   19.445622284,  -7.19
Uranus,   2026-09-08T00:00:00.00,  62 23 25.9390, -00  9 20.6539,   19.445441584,  -7.19
Uranus,   2026-09-09T00:00:00.00,  62 24  7.0768, -00  9 20.1103,   19.445260870,  -7.19
Uranus,   2026-09-10T00:00:00.00,  62 24 48.2154, -00  9 19.5666,   19.445080141,  -7.19
Uranus,   2026-09-11T00:00:00.00,  62 25 29.3546, -00  9 19.0229,   19.444899398,  -7.19
Uranus,   2026-09-12T00:00:00.00,  62 26 10.4946, -00  9 18.4792,   19.444718640,  -7.19
Uranus,   2026-09-13T00:00:00.00,  62 26 51.6352, -00  9 17.9354,   19.444537868,  -7.19
Uranus,   2026-09-14T00:00:00.00,  62 27 32.7766, -00  9 17.3916,   19.444357082,  -7.19
Uranus,   2026-09-15T00:00:00.00,  62 28 13.9186, -00  9 16.8478,   19.444176281,  -7.19
Uranus,   2026-09-16T00:00:00.00,  62 28 55.0613, -00  9 16.3039,   19.443995465,  -7.19
Uranus,   2026-09-17T00:00:00.00,  62 29 36.2048, -00  9 15.7600,   19.443814635,  -7.19
Uranus,   2026-09-18T00:00:00.00,  62 30 17.3489, -00  9 15.2161,   19.443633790,  -7.19
Uranus,   2026-09-19T00:00:00.00,  62 30 58.4937, -00  9 14.6721,   19.443452931,  -7.19
Uranus,   2026-09-20T00:00:00.00,  62 31 39.6393, -00  9 14.1281,   19.443272056,  -7.19
Uranus,   2026-09-21T00:00:00.00,  62 32 20.7855, -00  9 13.5841,   19.443091167,  -7.19
Uranus,   2026-09-22T00:00:00.00,  62 33  1.9324, -00  9 13.0401,   19.442910263,  -7.19
Uranus,   2026-09-23T00:00:00.00,  62 33 43.0800, -00  9 12.4960,   19.442729345,  -7.19
Uranus,   2026-09-24T00:00:00.00,  62 34 24.2283, -00  9 11.9519,   19.442548411,  -7.19
Uranus,   2026-09-25T00:00:00.00,  62 35  5.3773, -00  9 11.4077,   19.442367463,  -7.19
Uranus,   2026-09-26T00:00:00.00,  62 35 46.5271, -00  9 10.8635,   19.442186499,  -7.19
Uranus,   2026-09-27T00:00:00.00,  62 36 27.6775, -00  9 10.3193,   19.442005521,  -7.19
Uranus,   2026-09-28T00:00:00.00,  62 37  8.8286, -00  9  9.7751,   19.441824528,  -7.19
Uranus,   2026-09-29T00:00:00.00,  62 37 49.9804, -00  9  9.2308,   19.441643519,  -7.19
Uranus,   2026-09-30T00:00:00.00,  62 38 31.1329, -00  9  8.6865,   19.441462496,  -7.19
Uranus,   2026-10-01T00:00:00.00,  62 39 12.2861, -00  9  8.1421,   19.441281457,  -7.19
Uranus,   2026-10-02T00:00:00.00,  62 39 53.4400, -00  9  7.5978,   19.441100403,  -7.19
Uranus,   2026-10-03T00:00:00.00,  62 40 34.5946, -00  9  7.0534,   19.440919334,  -7.19
Uranus,   2026-10-04T00:00:00.00,  62 41 15.7499, -00  9  6.5089,   19.440738250,  -7.19
Uranus,   2026-10-05T00:00:00.00,  62 41 56.9059, -00  9  5.9645,   19.440557151,  -7.19
Uranus,   2026-10-06T00:00:00.00,  62 42 38.0626, -00  9  5.4199,   19.440376036,  -7.19
Uranus,   2026-10-07T00:00:00.00,  62 43 19.2199, -00  9  4.8754,   19.440194906,  -7.19
Uranus,   2026-10-08T00:00:00.00,  62 44  0.3780, -00  9  4.3309,   19.440013761,  -7.19
Uranus,   2026-10-09T00:00:00.00,  62 44 41.5368, -00  9  3.7863,   19.439832600,  -7.19
Uranus,   2026-10-10T00:00:00.00,  62 45 22.6963, -00  9  3.2416,   19.439651424,  -7.19
Uranus,   2026-10-11T00:00:00.00,  62 46  3.8564, -00  9  2.6970,   19.439470232,  -7.19
Uranus,   2026-10-12T00:00:00.00,  62 46 45.0173, -00  9  2.1523,   19.439289025,  -7.19
Uranus,   2026-10-13T00:00:00.00,  62 47 26.1789, -00  9  1.6075,   19.439107802,  -7.19
Uranus,   2026-10-14T00:00:00.00,  62 48  7.3411, -00  9  1.0628,   19.438926564,  -7.19
Uranus,   2026-10-15T00:00:00.00,  62 48 48.5041, -00  9  0.5180,   19.438745310,  -7.19
Uranus,   2026-10-16T00:00:00.00,  62 49 29.6677, -00  8 59.9732,   19.438564040,  -7.19
Uranus,   2026-10-17T00:00:00.00,  62 50 10.8321, -00  8 59.4283,   19.438382755,  -7.19
Uranus,   2026-10-18T00:00:00.00,  62 50 51.9971, -00  8 58.8834,   19.438201454,  -7.19
Uranus,   2026-10-19T00:00:00.00,  62 51 33.1629, -00  8 58.3385,   19.438020137,  -7.19
Uranus,   2026-10-20T00:00:00.00,  62 52 14.3293, -00  8 57.7936,   19.437838805,  -7.19
Uranus,   2026-10-21T00:00:00.00,  62 52 55.4964, -00  8 57.2486,   19.437657456,  -7.19
Uranus,   2026-10-22T00:00:00.00,  62 53 36.6643, -00  8 56.7036,   19.437476092,  -7.19
Uranus,   2026-10-23T00:00:00.00,  62 54 17.8328, -00  8 56.1586,   19.437294712,  -7.19
Uranus,   2026-10-24T00:00:00.00,  62 54 59.0020, -00  8 55.6135,   19.437113316,  -7.19
Uranus,   2026-10-25T00:00:00.00,  62 55 40.1719, -00  8 55.0684,   19.436931904,  -7.19
Uranus,   2026-10-26T00:00:00.00,  62 56 21.3425, -00  8 54.5232,   19.436750476,  -7.19
Uranus,   2026-10-27T00:00:00.00,  62 57  2.5138, -00  8 53.9781,   19.436569032,  -7.19
Uranus,   2026-10-28T00:00:00.00,  62 57 43.6857, -00  8 53.4329,   19.436387572,  -7.19
Uranus,   2026-10-29T00:00:00.00,  62 58 24.8584, -00  8 52.8877,   19.436206096,  -7.19
Uranus,   2026-10-30T00:00:00.00,  62 59  6.0318, -00  8 52.3424,   19.436024603,  -7.19
Uranus,   2026-10-31T00:00:00.00,  62 59 47.2058, -00  8 51.7971,   19.435843095,  -7.19
Uranus,   2026-11-01T00:00:00.00,  63  0 28.3806, -00  8 51.2518,   19.435661570,  -7.19
Uranus,   2026-11-02T00:00:00.00,  63  1  9.5560, -00  8 50.7064,   19.435480029,  -7.19
Uranus,   2026-11-03T00:00:00.00,  63  1 50.7321, -00  8 50.1610,   19.435298471,  -7.19
Uranus,   2026-11-04T00:00:00.00,  63  2 31.9089, -00  8 49.6156,   19.435116897,  -7.19
Uranus,   2026-11-05T00:00:00.00,  63  3 13.0864, -00  8 49.0702,   19.434935306,  -7.19
Uranus,   2026-11-06T00:00:00.00,  63  3 54.2646, -00  8 48.5247,   19.434753699,  -7.19
Uranus,   2026-11-07T00:00:00.00,  63  4 35.4434, -00  8 47.9792,   19.434572076,  -7.19
Uranus,   2026-11-08T00:00:00.00,  63  5 16.6230, -00  8 47.4337,   19.434390436,  -7.19
Uranus,   2026-11-09T00:00:00.00,  63  5 57.8032, -00  8 46.8881,   19.434208780,  -7.19
Uranus,   2026-11-10T00:00:00.00,  63  6 38.9841, -00  8 46.3425,   19.434027107,  -7.19
Uranus,   2026-11-11T00:00:00.00,  63  7 20.1657, -00  8 45.7969,   19.433845417,  -7.19
Uranus,   2026-11-12T00:00:00.00,  63  8  1.3480, -00  8 45.2512,   19.433663711,  -7.19
Uranus,   2026-11-13T00:00:00.00,  63  8 42.5309, -00  8 44.7055,   19.433481989,  -7.19
Uranus,   2026-11-14T00:00:00.00,  63  9 23.7145, -00  8 44.1598,   19.433300250,  -7.19
Uranus,   2026-11-15T00:00:00.00,  63 10  4.8988, -00  8 43.6141,   19.433118495,  -7.19
Uranus,   2026-11-16T00:00:00.00,  63 10 46.0838, -00  8 43.0683,   19.432936724,  -7.19
Uranus,   2026-11-17T00:00:00.00,  63 11 27.2695, -00  8 42.5225,   19.432754936,  -7.19
Uranus,   2026-11-18T00:00:00.00,  63 12  8.4558, -00  8 41.9766,   19.432573133,  -7.19
Uranus,   2026-11-19T00:00:00.00,  63 12 49.6428, -00  8 41.4308,   19.432391313,  -7.19
Uranus,   2026-11-20T00:00:00.00,  63 13 30.8304, -00  8 40.8849,   19.432209477,  -7.19
Uranus,   2026-11-21T00:00:00.00,  63 14 12.0188, -00  8 40.3390,   19.432027625,  -7.19
Uranus,   2026-11-22T00:00:00.00,  63 14 53.2078, -00  8 39.7930,   19.431845757,  -7.19
Uranus,   2026-11-23T00:00:00.00,  63 15 34.3975, -00  8 39.2470,   19.431663873,  -7.19
Uranus,   2026-11-24T00:00:00.00,  63 16 15.5878, -00  8 38.7010,   19.431481974,  -7.19
Uranus,   2026-11-25T00:00:00.00,  63 16 56.7788, -00  8 38.1550,   19.431300059,  -7.19
Uranus,   2026-11-26T00:00:00.00,  63 17 37.9705, -00  8 37.6089,   19.431118128,  -7.19
Uranus,   2026-11-27T00:00:00.00,  63 18 19.1629, -00  8 37.0628,   19.430936181,  -7.19
Uranus,   2026-11-28T00:00:00.00,  63 19  0.3559, -00  8 36.5167,   19.430754219,  -7.19
Uranus,   2026-11-29T00:00:00.00,  63 19 41.5496, -00  8 35.9705,   19.430572241,  -7.19
Uranus,   2026-11-30T00:00:00.00,  63 20 22.7440, -00  8 35.4243,   19.430390248,  -7.19
Uranus,   2026-12-01T00:00:00.00,  63 21  3.9390, -00  8 34.8781,   19.430208239,  -7.19
Uranus,   2026-12-02T00:00:00.00,  63 21 45.1347, -00  8 34.3319,   19.430026215,  -7.19
Uranus,   2026-12-03T00:00:00.00,  63 22 26.3311, -00  8 33.7856,   19.429844176,  -7.19
Uranus,   2026-12-04T00:00:00.00,  63 23  7.5281, -00  8 33.2393,   19.429662121,  -7.19
Uranus,   2026-12-05T00:00:00.00,  63 23 48.7258, -00  8 32.6930,   19.429480052,  -7.19
Uranus,   2026-12-06T00:00:00.00,  63 24 29.9242, -00  8 32.1466,   19.429297966,  -7.19
Uranus,   2026-12-07T00:00:00.00,  63 25 11.1232, -00  8 31.6002,   19.429115866,  -7.19
Uranus,   2026-12-08T00:00:00.00,  63 25 52.3229, -00  8 31.0538,   19.428933751,  -7.19
Uranus,   2026-12-09T00:00:00.00,  63 26 33.5233, -00  8 30.5074,   19.428751620,  -7.19
Uranus,   2026-12-10T00:00:00.00,  63 27 14.7243, -00  8 29.9609,   19.428569475,  -7.19
Uranus,   2026-12-11T00:00:00.00,  63 27 55.9260, -00  8 29.4144,   19.428387315,  -7.19
Uranus,   2026-12-12T00:00:00.00,  63 28 37.1284, -00  8 28.8678,   19.428205139,  -7.19
Uranus,   2026-12-13T00:00:00.00,  63 29 18.3314, -00  8 28.3213,   19.428022949,  -7.19
Uranus,   2026-12-14T00:00:00.00,  63 29 59.5351, -00  8 27.7747,   19.427840744,  -7.19
Uranus,   2026-12-15T00:00:00.00,  63 30 40.7395, -00  8 27.2281,   19.427658524,  -7.19
Uranus,   2026-12-16T00:00:00.00,  63 31 21.9445, -00  8 26.6814,   19.427476290,  -7.19
Uranus,   2026-12-17T00:00:00.00,  63 32  3.1502, -00  8 26.1347,   19.427294040,  -7.19
Uranus,   2026-12-18T00:00:00.00,  63 32 44.3565, -00  8 25.5880,   19.427111777,  -7.19
Uranus,   2026-12-19T00:00:00.00,  63 33 25.5635, -00  8 25.0413,   19.426929498,  -7.19
Uranus,   2026-12-20T00:00:00.00,  63 34  6.7712, -00  8 24.4945,   19.426747205,  -7.19
Uranus,   2026-12-21T00:00:00.00,  63 34 47.9796, -00  8 23.9477,   19.426564898,  -7.19
Uranus,   2026-12-22T00:00:00.00,  63 35 29.1886, -00  8 23.4009,   19.426382576,  -7.19
Uranus,   2026-12-23T00:00:00.00,  63 36 10.3982, -00  8 22.8541,   19.426200240,  -7.19
Uranus,   2026-12-24T00:00:00.00,  63 36 51.6085, -00  8 22.3072,   19.426017889,  -7.19
Uranus,   2026-12-25T00:00:00.00,  63 37 32.8195, -00  8 21.7603,   19.425835525,  -7.19
Uranus,   2026-12-26T00:00:00.00,  63 38 14.0312, -00  8 21.2133,   19.425653146,  -7.19
Uranus,   2026-12-27T00:00:00.00,  63 38 55.2435, -00  8 20.6664,   19.425470753,  -7.19
Uranus,   2026-12-28T00:00:00.00,  63 39 36.4565, -00  8 20.1194,   19.425288346,  -7.19
Uranus,   2026-12-29T00:00:00.00,  63 40 17.6701, -00  8 19.5724,   19.425105924,  -7.19
Uranus,   2026-12-30T00:00:00.00,  63 40 58.8844, -00  8 19.0253,   19.424923489,  -7.19
Uranus,   2026-12-31T00:00:00.00,  63 41 40.0993, -00  8 18.4782,   19.424741040,  -7.19
Uranus,   2027-01-01T00:00:00.00,  63 42 21.3150, -00  8 17.9311,   19.424558577,  -7.19
Uranus,   2027-01-02T00:00:00.00,  63 43  2.5312, -00  8 17.3840,   19.424376101,  -7.19
Uranus,   2027-01-03T00:00:00.00,  63 43 43.7482, -00  8 16.8368,   19.424193610,  -7.19
Uranus,   2027-01-04T00:00:00.00,  63 44 24.9658, -00  8 16.2897,   19.424011106,  -7.19
Uranus,   2027-01-05T00:00:00.00,  63 45  6.1840, -00  8 15.7424,   19.423828588,  -7.19